   1.9770517e-01   0.0000000e+00   2.9473969e-03
   2.3992701e-01   0.0000000e+00   2.9633958e-02
   3.0146767e-01   0.0000000e+00  -9.9800168e-03
   2.1644594e-01   0.0000000e+00  -2.8187273e-02
   1.9751387e-01  -1.0842022e-19   9.4576699e-03
   2.5280220e-01   0.0000000e+00   2.9023874e-02
   2.9358892e-01   0.0000000e+00  -1.6324558e-02
   2.1051452e-01   0.0000000e+00  -2.5166868e-02
   2.0004654e-01   0.0000000e+00   1.4402522e-02
   2.6575284e-01   0.0000000e+00   2.6311637e-02
   2.7986271e-01  -1.0842022e-19  -2.1752956e-02
   2.0487911e-01  -1.0842022e-19  -1.9283873e-02
   2.0623578e-01   0.0000000e+00   2.0668593e-02
   2.8341470e-01  -1.0842022e-19   2.0466567e-02
   2.6251899e-01  -1.0842022e-19  -2.7139286e-02
   1.9921211e-01   1.0842022e-19  -1.3258930e-02
   2.1166683e-01   0.0000000e+00   2.6020885e-02
   2.9560198e-01   5.4210109e-20   1.5148795e-02
   2.5018231e-01   0.0000000e+00  -2.9266379e-02
   1.9743024e-01   1.0842022e-19  -8.2069599e-03
   2.1852329e-01   1.3552527e-20   2.8606171e-02
   3.0297265e-01  -1.0842022e-19   7.6744226e-03
   2.3609867e-01  -5.4210109e-20  -2.9589817e-02
   1.9788370e-01   5.4210109e-20  -9.1670417e-04
   2.3250212e-01   0.0000000e+00   2.9556556e-02
   3.0420204e-01   0.0000000e+00  -5.2166488e-03
   2.2081057e-01   0.0000000e+00  -2.8976292e-02
   1.9738275e-01   0.0000000e+00   6.8824107e-03
   2.4744894e-01  -5.4210109e-20   2.9476783e-02
   2.9754649e-01   0.0000000e+00  -1.3868733e-02
   2.1289780e-01   0.0000000e+00  -2.6840375e-02
   1.9842350e-01  -2.7105054e-20   1.2082111e-02
   2.5920751e-01   0.0000000e+00   2.7933230e-02
   2.8719075e-01   0.0000000e+00  -1.9095483e-02
   2.0767118e-01   0.0000000e+00  -2.2290782e-02
   2.0313788e-01   0.0000000e+00   1.7645657e-02
   2.7525474e-01   0.0000000e+00   2.3385848e-02
   2.7012967e-01   0.0000000e+00  -2.5061165e-02
   2.0134852e-01   0.0000000e+00  -1.5911486e-02
   2.0912451e-01   0.0000000e+00   2.3913300e-02
   2.9075329e-01   0.0000000e+00   1.7698862e-02
   2.5594822e-01   0.0000000e+00  -2.8599321e-02
   1.9780069e-01   0.0000000e+00  -1.0847208e-02
   2.1437091e-01   0.0000000e+00   2.7580444e-02
   2.9947548e-01   0.0000000e+00   1.2287655e-02
   2.4424105e-01   1.0842022e-19  -2.9620893e-02
   1.9744310e-01   0.0000000e+00  -5.2553496e-03
   2.2381256e-01   1.0842022e-19   2.9294958e-02
   3.0511116e-01   1.0842022e-19   2.1707406e-03
   2.2860085e-01   0.0000000e+00  -2.9504646e-02
   1.9771634e-01  -5.4210109e-20   2.8478770e-03
   2.3974133e-01   1.0842022e-19   2.9632348e-02
   3.0154549e-01   1.0842022e-19  -9.8746292e-03
   2.1653994e-01   0.0000000e+00  -2.8209059e-02
   1.9750788e-01   0.0000000e+00   9.3990463e-03
   2.5267716e-01   5.4210109e-20   2.9036778e-02
   2.9368887e-01   0.0000000e+00  -1.6269334e-02
   2.1056928e-01   0.0000000e+00  -2.5209631e-02
   2.0000412e-01   0.0000000e+00   1.4347182e-02
   2.6559493e-01   0.0000000e+00   2.6353344e-02
   2.8003115e-01   0.0000000e+00  -2.1691344e-02
   2.0494436e-01   0.0000000e+00  -1.9346220e-02
   2.0617841e-01   0.0000000e+00   2.0605834e-02
   2.8326230e-01   2.7105054e-20   2.0521086e-02
   2.6265331e-01   1.3552527e-20  -2.7105238e-02
   1.9924636e-01   0.0000000e+00  -1.3305686e-02
   2.1162042e-01   0.0000000e+00   2.5986472e-02
   2.9552317e-01   0.0000000e+00   1.5196251e-02
   2.5028605e-01   0.0000000e+00  -2.9256700e-02
   1.9743397e-01   0.0000000e+00  -8.2558646e-03
   2.1844254e-01   0.0000000e+00   2.8590321e-02
   3.0292066e-01  -6.7762636e-21   7.7626233e-03
   2.3623689e-01   0.0000000e+00  -2.9590616e-02
   1.9788128e-01   0.0000000e+00  -9.8787370e-04
   2.3236082e-01   5.4210109e-20   2.9554637e-02
   3.0424441e-01   0.0000000e+00  -5.1140511e-03
   2.2090826e-01   0.0000000e+00  -2.8989538e-02
   1.9738287e-01   0.0000000e+00   6.8274527e-03
   2.4733802e-01  -1.3552527e-20   2.9483689e-02
   2.9762097e-01   0.0000000e+00  -1.3815575e-02
   2.1294782e-01   0.0000000e+00  -2.6870703e-02
   1.9839583e-01   0.0000000e+00   1.2036116e-02
   2.5908077e-01   0.0000000e+00   2.7961855e-02
   2.8733440e-01   0.0000000e+00  -1.9041684e-02
   2.0772682e-01  -2.7105054e-20  -2.2354720e-02
   2.0306739e-01  -5.4210109e-20   1.7579732e-02
   2.7506276e-01   5.4210109e-20   2.3451532e-02
   2.7031561e-01  -1.0842022e-19  -2.5003722e-02
   2.0140959e-01  -1.0842022e-19  -1.5973945e-02
   2.0907167e-01   0.0000000e+00   2.3857319e-02
   2.9063226e-01   0.0000000e+00   1.7749962e-02
   2.5606628e-01   0.0000000e+00  -2.8578542e-02
   1.9781843e-01   0.0000000e+00  -1.0894643e-02
   2.1430821e-01   2.7105054e-20   2.7555471e-02
   2.9940271e-01   0.0000000e+00   1.2356509e-02
   2.4437761e-01   5.4210109e-20  -2.9617932e-02
   1.9743641e-01   0.0000000e+00  -5.3269815e-03
   2.2367369e-01   0.0000000e+00   2.9284987e-02
   3.0508746e-01   1.0842022e-19   2.3064648e-03
   2.2876366e-01   0.0000000e+00  -2.9508693e-02
   1.9772439e-01   0.0000000e+00   2.7669368e-03
   2.3958922e-01  -5.4210109e-20   2.9631518e-02
   3.0161061e-01   2.7105054e-20  -9.7874360e-03
   2.1661791e-01   0.0000000e+00  -2.8227944e-02
   1.9750101e-01   0.0000000e+00   9.3495686e-03
   2.5256856e-01   0.0000000e+00   2.9049515e-02
   2.9378086e-01   0.0000000e+00  -1.6220637e-02
   2.1061800e-01   2.7105054e-20  -2.5250020e-02
   1.9996273e-01   0.0000000e+00   1.4296041e-02
   2.6544715e-01   0.0000000e+00   2.6393477e-02
   2.8019401e-01   0.0000000e+00  -2.1633716e-02
   2.0500572e-01   0.0000000e+00  -1.9408435e-02
   2.0611903e-01   0.0000000e+00   2.0544546e-02
   2.8310920e-01   0.0000000e+00   2.0577695e-02
   2.6279261e-01   0.0000000e+00  -2.7071781e-02
   1.9927928e-01   0.0000000e+00  -1.3356424e-02
   2.1156625e-01   0.0000000e+00   2.5950787e-02
   2.9543428e-01   0.0000000e+00   1.5253208e-02
   2.5041182e-01   0.0000000e+00  -2.9247599e-02
   1.9743460e-01  -1.0842022e-19  -8.3181426e-03
   2.1833356e-01   0.0000000e+00   2.8572330e-02
   3.0285228e-01   0.0000000e+00   7.8828101e-03
   2.3642581e-01  -2.1684043e-19  -2.9594019e-02
   1.9787391e-01   0.0000000e+00  -1.0875717e-03
   2.3215927e-01   0.0000000e+00   2.9553923e-02
   3.0430536e-01   0.0000000e+00  -4.9656193e-03
   2.2105020e-01   0.0000000e+00  -2.9009543e-02
   1.9738099e-01   5.4210109e-20   6.7470141e-03
   2.4717318e-01   0.0000000e+00   2.9494831e-02
   2.9773229e-01   0.0000000e+00  -1.3735889e-02
   2.1302401e-01   0.0000000e+00  -2.6916605e-02
   1.9835277e-01   0.0000000e+00   1.1966392e-02
   2.5888736e-01   0.0000000e+00   2.8005701e-02
   2.8755515e-01  -1.0842022e-19  -1.8959994e-02
   2.0781218e-01   0.0000000e+00  -2.2454350e-02
   2.0295738e-01   0.0000000e+00   1.7477024e-02
   2.7476289e-01  -5.4210109e-20   2.3554198e-02
   2.7060739e-01  -1.0842022e-19  -2.4912910e-02
   2.0150631e-01   1.0842022e-19  -1.6072077e-02
   2.0898835e-01   0.0000000e+00   2.3769134e-02
   2.9043949e-01   0.0000000e+00   1.7830566e-02
   2.5625160e-01   0.0000000e+00  -2.8544743e-02
   1.9784802e-01   1.0842022e-19  -1.0968281e-02
   2.1421368e-01   0.0000000e+00   2.7515280e-02
   2.9929021e-01   0.0000000e+00   1.2459448e-02
   2.4458076e-01   0.0000000e+00  -2.9611640e-02
   1.9743006e-01   0.0000000e+00  -5.4317142e-03
   2.2347631e-01   0.0000000e+00   2.9268037e-02
   3.0504771e-01   1.0842022e-19   2.5004969e-03
   2.2899821e-01   0.0000000e+00  -2.9512053e-02
   1.9773958e-01   0.0000000e+00   2.6528333e-03
   2.3937969e-01   0.0000000e+00   2.9627954e-02
   3.0169233e-01   0.0000000e+00  -9.6677207e-03
   2.1672434e-01   0.0000000e+00  -2.8248656e-02
   1.9749949e-01   0.0000000e+00   9.2868410e-03
   2.5244082e-01   0.0000000e+00   2.9059976e-02
   2.9387388e-01   0.0000000e+00  -1.6164383e-02
   2.1067324e-01   0.0000000e+00  -2.5287246e-02
   1.9992883e-01   0.0000000e+00   1.4244845e-02
   2.6530837e-01   0.0000000e+00   2.6427738e-02
   2.8033838e-01   1.0842022e-19  -2.1579894e-02
   2.0506260e-01   0.0000000e+00  -1.9461358e-02
   2.0607118e-01   0.0000000e+00   2.0490467e-02
   2.8297952e-01  -1.0842022e-19   2.0623090e-02
   2.6290586e-01   0.0000000e+00  -2.7042458e-02
   1.9930948e-01   2.7105054e-20  -1.3395138e-02
   2.1152944e-01   0.0000000e+00   2.5921434e-02
   2.9536917e-01   0.0000000e+00   1.5290737e-02
   2.5049292e-01   0.0000000e+00  -2.9239192e-02
   1.9743891e-01   0.0000000e+00  -8.3558166e-03
   2.1827276e-01  -5.4210109e-20   2.8559427e-02
   3.0280996e-01   0.0000000e+00   7.9490377e-03
   2.3653000e-01   0.0000000e+00  -2.9594101e-02
   1.9787299e-01   0.0000000e+00  -1.1411062e-03
   2.3205429e-01   0.0000000e+00   2.9551853e-02
   3.0433312e-01   0.0000000e+00  -4.8884035e-03
   2.2112406e-01  -1.0842022e-19  -2.9017974e-02
   1.9738302e-01   0.0000000e+00   6.7069759e-03
   2.4709524e-01   0.0000000e+00   2.9498315e-02
   2.9777948e-01   0.0000000e+00  -1.3699064e-02
   2.1305863e-01  -1.0842022e-19  -2.6935240e-02
   1.9833643e-01   0.0000000e+00   1.1936659e-02
   2.5880808e-01   0.0000000e+00   2.8022708e-02
   2.8764350e-01   0.0000000e+00  -1.8926462e-02
   2.0784713e-01   0.0000000e+00  -2.2493616e-02
   2.0291412e-01   0.0000000e+00   1.7436089e-02
   2.7464444e-01   0.0000000e+00   2.3594370e-02
   2.7072233e-01   0.0000000e+00  -2.4877071e-02
   2.0154385e-01   1.0842022e-19  -1.6110833e-02
   2.0895515e-01   0.0000000e+00   2.3734420e-02
   2.9036391e-01  -1.0842022e-19   1.7862481e-02
   2.5632653e-01   2.7105054e-20  -2.8531963e-02
   1.9785869e-01  -5.4210109e-20  -1.0998922e-02
   2.1417211e-01   0.0000000e+00   2.7499358e-02
   2.9924340e-01   0.0000000e+00   1.2504791e-02
   2.4467103e-01  -1.0842022e-19  -2.9609839e-02
   1.9742546e-01   0.0000000e+00  -5.4796497e-03
   2.2338379e-01  -1.0842022e-19   2.9261191e-02
   3.0503075e-01   6.7762636e-21   2.5917805e-03
   2.2910951e-01   0.0000000e+00  -2.9515247e-02
   1.9774406e-01   0.0000000e+00   2.5966150e-03
   2.3927215e-01   0.0000000e+00   2.9628071e-02
   3.0174006e-01   0.0000000e+00  -9.6052558e-03
   2.1678137e-01   1.0842022e-19  -2.8263388e-02
   1.9749320e-01   0.0000000e+00   9.2497597e-03
   2.5235887e-01   0.0000000e+00   2.9069805e-02
   2.9394575e-01   0.0000000e+00  -1.6128163e-02
   2.1070932e-01   1.0842022e-19  -2.5319250e-02
   1.9989545e-01  -5.4210109e-20   1.4205132e-02
   2.6519069e-01   0.0000000e+00   2.6460293e-02
   2.8047014e-01   2.7105054e-20  -2.1533518e-02
   2.0511134e-01   0.0000000e+00  -1.9511741e-02
   2.0602254e-01   0.0000000e+00   2.0440997e-02
   2.8285402e-01   0.0000000e+00   2.0669584e-02
   2.6302024e-01  -5.4210109e-20  -2.7014651e-02
   1.9933706e-01   0.0000000e+00  -1.3436567e-02
   2.1148498e-01   1.0842022e-19   2.5892131e-02
   2.9529776e-01  -2.7105054e-20   1.5336145e-02
   2.5059453e-01   0.0000000e+00  -2.9232064e-02
   1.9743852e-01   0.0000000e+00  -8.4062203e-03
   2.1818504e-01   0.0000000e+00   2.8544907e-02
   3.0275515e-01   0.0000000e+00   8.0466264e-03
   2.3668525e-01   0.0000000e+00  -2.9597325e-02
   1.9786534e-01   1.0842022e-19  -1.2238766e-03
   2.3188443e-01  -1.0842022e-19   2.9551948e-02
   3.0438526e-01   0.0000000e+00  -4.7622788e-03
   2.2124557e-01   0.0000000e+00  -2.9036231e-02
   1.9737948e-01   0.0000000e+00   6.6366342e-03
   2.4694903e-01   0.0000000e+00   2.9509334e-02
   2.9788120e-01   0.0000000e+00  -1.3627741e-02
   2.1312646e-01   0.0000000e+00  -2.6978155e-02
   1.9829501e-01   1.0842022e-19   1.1872603e-02
   2.5862769e-01   0.0000000e+00   2.8064346e-02
   2.8785164e-01   0.0000000e+00  -1.8849679e-02
   2.0792720e-01   0.0000000e+00  -2.2588274e-02
   2.0280902e-01   0.0000000e+00   1.7338454e-02
   2.7435619e-01   0.0000000e+00   2.3692710e-02
   2.7100623e-01   0.0000000e+00  -2.4789224e-02
   2.0163736e-01   0.0000000e+00  -1.6207666e-02
   2.0887100e-01   0.0000000e+00   2.3647869e-02
   2.9017164e-01  -1.0842022e-19   1.7944419e-02
   2.5651574e-01   0.0000000e+00  -2.8498787e-02
   1.9788716e-01   0.0000000e+00  -1.1075736e-02
   2.1407033e-01   0.0000000e+00   2.7458583e-02
   2.9912570e-01   0.0000000e+00   1.2616064e-02
   2.4489352e-01   0.0000000e+00  -2.9604715e-02
   1.9741430e-01   2.7105054e-20  -5.5968321e-03
   2.2315832e-01   0.0000000e+00   2.9243581e-02
   3.0498361e-01  -1.0842022e-19   2.8150874e-03
   2.2938287e-01  -5.4210109e-20  -2.9521215e-02
   1.9775726e-01   0.0000000e+00   2.4607746e-03
   2.3901692e-01   1.0842022e-19   2.9626055e-02
   3.0184499e-01  -1.0842022e-19  -9.4569845e-03
   2.1691395e-01   0.0000000e+00  -2.8293164e-02
   1.9748467e-01   0.0000000e+00   9.1677240e-03
   2.5218354e-01   0.0000000e+00   2.9088066e-02
   2.9408712e-01   0.0000000e+00  -1.6050039e-02
   2.1078684e-01   1.0842022e-19  -2.5380959e-02
   1.9983370e-01   5.4210109e-20   1.4125272e-02
   2.6496262e-01   0.0000000e+00   2.6520558e-02
   2.8071913e-01   2.7105054e-20  -2.1443707e-02
   2.0520676e-01  -1.0842022e-19  -1.9606549e-02
   2.0593227e-01   0.0000000e+00   2.0346435e-02
   2.8261729e-01   5.4210109e-20   2.0755887e-02
   2.6323351e-01   0.0000000e+00  -2.6961301e-02
   1.9939063e-01  -1.3552527e-20  -1.3512161e-02
   2.1140819e-01   0.0000000e+00   2.5836858e-02
   2.9516691e-01   0.0000000e+00   1.5415150e-02
   2.5076731e-01   1.0842022e-19  -2.9216471e-02
   1.9744382e-01   5.4210109e-20  -8.4886621e-03
   2.1804633e-01   0.0000000e+00   2.8518546e-02
   3.0266215e-01  -1.0842022e-19   8.1992473e-03
   2.3692911e-01   0.0000000e+00  -2.9600153e-02
   1.9785786e-01   0.0000000e+00  -1.3518448e-03
   2.3162824e-01   0.0000000e+00   2.9549042e-02
   3.0445583e-01   0.0000000e+00  -4.5709079e-03
   2.2142963e-01   0.0000000e+00  -2.9058878e-02
   1.9738115e-01   5.4210109e-20   6.5349494e-03
   2.4674567e-01   0.0000000e+00   2.9520494e-02
   2.9801097e-01   0.0000000e+00  -1.3529865e-02
   2.1321845e-01   0.0000000e+00  -2.7030044e-02
   1.9824867e-01   0.0000000e+00   1.1790977e-02
   2.5840598e-01   0.0000000e+00   2.8112597e-02
   2.8810065e-01   0.0000000e+00  -1.8755681e-02
   2.0802594e-01   0.0000000e+00  -2.2700832e-02
   2.0268458e-01   0.0000000e+00   1.7220922e-02
   2.7401093e-01   5.4210109e-20   2.3809155e-02
   2.7134426e-01   1.3552527e-20  -2.4681787e-02
   2.0175184e-01   0.0000000e+00  -1.6320667e-02
   2.0877630e-01   0.0000000e+00   2.3544442e-02
   2.8994780e-01   0.0000000e+00   1.8034939e-02
   2.5672559e-01   1.0842022e-19  -2.8458316e-02
   1.9792379e-01   0.0000000e+00  -1.1156775e-02
   2.1396996e-01   0.0000000e+00   2.7412402e-02
   2.9900150e-01   0.0000000e+00   1.2724308e-02
   2.4510930e-01  -2.7105054e-20  -2.9596566e-02
   1.9740861e-01   0.0000000e+00  -5.7071098e-03
   2.2295263e-01   0.0000000e+00   2.9224073e-02
   3.0493305e-01  -1.0842022e-19   3.0203194e-03
   2.2963591e-01   0.0000000e+00  -2.9524752e-02
   1.9777114e-01   0.0000000e+00   2.3367315e-03
   2.3878612e-01   0.0000000e+00   2.9622791e-02
   3.0193650e-01   0.0000000e+00  -9.3224070e-03
   2.1703400e-01  -5.4210109e-20  -2.8317387e-02
   1.9748111e-01   0.0000000e+00   9.0958707e-03
   2.5203471e-01   0.0000000e+00   2.9101353e-02
   2.9419907e-01   1.0842022e-19  -1.5984159e-02
   2.1085100e-01   0.0000000e+00  -2.5427008e-02
   1.9978965e-01   0.0000000e+00   1.4063253e-02
   2.6478937e-01   0.0000000e+00   2.6564849e-02
   2.8090478e-01   0.0000000e+00  -2.1375454e-02
   2.0527909e-01   0.0000000e+00  -1.9676556e-02
   2.0586607e-01  -1.3552527e-20   2.0275783e-02
   2.8244181e-01   0.0000000e+00   2.0818491e-02
   2.6339084e-01   0.0000000e+00  -2.6921833e-02
   1.9943029e-01   0.0000000e+00  -1.3567950e-02
   2.1135087e-01   0.0000000e+00   2.5796059e-02
   2.9506998e-01  -1.0842022e-19   1.5473866e-02
   2.5089755e-01   5.4210109e-20  -2.9205354e-02
   1.9744659e-01   0.0000000e+00  -8.5516089e-03
   2.1793955e-01   0.0000000e+00   2.8498752e-02
   3.0259084e-01   0.0000000e+00   8.3168553e-03
   2.3711931e-01   0.0000000e+00  -2.9602904e-02
   1.9784940e-01  -2.7105054e-20  -1.4521314e-03
