   5.0000000e-01   5.0000000e-02   0.0000000e+00
   5.0000000e-01   4.9990000e-02  -9.9993333e-04
   5.0000000e-01   4.9960005e-02  -1.9994667e-03
   5.0000000e-01   4.9910027e-02  -2.9982003e-03
   5.0000000e-01   4.9840085e-02  -3.9957347e-03
   5.0000000e-01   4.9750208e-02  -4.9916708e-03
   5.0000000e-01   4.9640432e-02  -5.9856104e-03
   5.0000000e-01   4.9510800e-02  -6.9771557e-03
   5.0000000e-01   4.9361364e-02  -7.9659103e-03
   5.0000000e-01   4.9192185e-02  -8.9514787e-03
   5.0000000e-01   4.9003329e-02  -9.9334665e-03
   5.0000000e-01   4.8794872e-02  -1.0911481e-02
   5.0000000e-01   4.8566899e-02  -1.1885131e-02
   5.0000000e-01   4.8319499e-02  -1.2854028e-02
   5.0000000e-01   4.8052772e-02  -1.3817782e-02
   5.0000000e-01   4.7766824e-02  -1.4776010e-02
   5.0000000e-01   4.7461771e-02  -1.5728328e-02
   5.0000000e-01   4.7137733e-02  -1.6674355e-02
   5.0000000e-01   4.6794841e-02  -1.7613712e-02
   5.0000000e-01   4.6433232e-02  -1.8546023e-02
   5.0000000e-01   4.6053050e-02  -1.9470917e-02
   5.0000000e-01   4.5654447e-02  -2.0388023e-02
   5.0000000e-01   4.5237583e-02  -2.1296973e-02
   5.0000000e-01   4.4802625e-02  -2.2197405e-02
   5.0000000e-01   4.4349746e-02  -2.3088959e-02
   5.0000000e-01   4.3879128e-02  -2.3971277e-02
   5.0000000e-01   4.3390959e-02  -2.4844007e-02
   5.0000000e-01   4.2885434e-02  -2.5706800e-02
   5.0000000e-01   4.2362756e-02  -2.6559310e-02
   5.0000000e-01   4.1823133e-02  -2.7401197e-02
   5.0000000e-01   4.1266781e-02  -2.8232124e-02
   5.0000000e-01   4.0693923e-02  -2.9051758e-02
   5.0000000e-01   4.0104788e-02  -2.9859772e-02
   5.0000000e-01   3.9499612e-02  -3.0655843e-02
   5.0000000e-01   3.8878636e-02  -3.1439651e-02
   5.0000000e-01   3.8242109e-02  -3.2210884e-02
   5.0000000e-01   3.7590286e-02  -3.2969234e-02
   5.0000000e-01   3.6923428e-02  -3.3714396e-02
   5.0000000e-01   3.6241801e-02  -3.4446072e-02
   5.0000000e-01   3.5545677e-02  -3.5163971e-02
   5.0000000e-01   3.4835335e-02  -3.5867805e-02
   5.0000000e-01   3.4111060e-02  -3.6557291e-02
   5.0000000e-01   3.3373141e-02  -3.7232156e-02
   5.0000000e-01   3.2621873e-02  -3.7892128e-02
   5.0000000e-01   3.1857557e-02  -3.8536944e-02
   5.0000000e-01   3.1080498e-02  -3.9166345e-02
   5.0000000e-01   3.0291008e-02  -3.9780081e-02
   5.0000000e-01   2.9489401e-02  -4.0377905e-02
   5.0000000e-01   2.8675999e-02  -4.0959578e-02
   5.0000000e-01   2.7851127e-02  -4.1524869e-02
   5.0000000e-01   2.7015115e-02  -4.2073549e-02
   5.0000000e-01   2.6168298e-02  -4.2605401e-02
   5.0000000e-01   2.5311013e-02  -4.3120211e-02
   5.0000000e-01   2.4443604e-02  -4.3617774e-02
   5.0000000e-01   2.3566418e-02  -4.4097890e-02
   5.0000000e-01   2.2679806e-02  -4.4560368e-02
   5.0000000e-01   2.1784122e-02  -4.5005022e-02
   5.0000000e-01   2.0879725e-02  -4.5431675e-02
   5.0000000e-01   1.9966976e-02  -4.5840155e-02
   5.0000000e-01   1.9046241e-02  -4.6230301e-02
   5.0000000e-01   1.8117888e-02  -4.6601954e-02
   5.0000000e-01   1.7182287e-02  -4.6954968e-02
   5.0000000e-01   1.6239814e-02  -4.7289200e-02
   5.0000000e-01   1.5290845e-02  -4.7604517e-02
   5.0000000e-01   1.4335761e-02  -4.7900793e-02
   5.0000000e-01   1.3374941e-02  -4.8177909e-02
   5.0000000e-01   1.2408773e-02  -4.8435755e-02
   5.0000000e-01   1.1437640e-02  -4.8674227e-02
   5.0000000e-01   1.0461933e-02  -4.8893230e-02
   5.0000000e-01   9.4820416e-03  -4.9092677e-02
   5.0000000e-01   8.4983572e-03  -4.9272486e-02
   5.0000000e-01   7.5112735e-03  -4.9432588e-02
   5.0000000e-01   6.5211855e-03  -4.9572917e-02
   5.0000000e-01   5.5284890e-03  -4.9693418e-02
   5.0000000e-01   4.5335813e-03  -4.9794042e-02
   5.0000000e-01   3.5368601e-03  -4.9874749e-02
   5.0000000e-01   2.5387243e-03  -4.9935507e-02
   5.0000000e-01   1.5395730e-03  -4.9976292e-02
   5.0000000e-01   5.3980589e-04  -4.9997086e-02
   5.0000000e-01  -4.6017712e-04  -4.9997882e-02
   5.0000000e-01  -1.4599761e-03  -4.9978680e-02
   5.0000000e-01  -2.4591911e-03  -4.9939487e-02
   5.0000000e-01  -3.4574224e-03  -4.9880319e-02
   5.0000000e-01  -4.4542708e-03  -4.9801199e-02
   5.0000000e-01  -5.4493376e-03  -4.9702160e-02
   5.0000000e-01  -6.4422247e-03  -4.9583241e-02
   5.0000000e-01  -7.4325350e-03  -4.9444488e-02
   5.0000000e-01  -8.4198724e-03  -4.9285959e-02
   5.0000000e-01  -9.4038419e-03  -4.9107716e-02
   5.0000000e-01  -1.0384050e-02  -4.8909830e-02
   5.0000000e-01  -1.1360105e-02  -4.8692382e-02
   5.0000000e-01  -1.2331615e-02  -4.8455456e-02
   5.0000000e-01  -1.3298194e-02  -4.8199150e-02
   5.0000000e-01  -1.4259453e-02  -4.7923564e-02
   5.0000000e-01  -1.5215009e-02  -4.7628810e-02
   5.0000000e-01  -1.6164478e-02  -4.7315004e-02
   5.0000000e-01  -1.7107483e-02  -4.6982274e-02
   5.0000000e-01  -1.8043644e-02  -4.6630751e-02
   5.0000000e-01  -1.8972588e-02  -4.6260576e-02
   5.0000000e-01  -1.9893944e-02  -4.5871898e-02
   5.0000000e-01  -2.0807342e-02  -4.5464871e-02
   5.0000000e-01  -2.1712417e-02  -4.5039660e-02
   5.0000000e-01  -2.2608808e-02  -4.4596433e-02
   5.0000000e-01  -2.3496156e-02  -4.4135368e-02
   5.0000000e-01  -2.4374105e-02  -4.3656649e-02
   5.0000000e-01  -2.5242305e-02  -4.3160468e-02
   5.0000000e-01  -2.6100409e-02  -4.2647024e-02
   5.0000000e-01  -2.6948072e-02  -4.2116522e-02
   5.0000000e-01  -2.7784957e-02  -4.1569173e-02
   5.0000000e-01  -2.8610728e-02  -4.1005197e-02
   5.0000000e-01  -2.9425056e-02  -4.0424820e-02
   5.0000000e-01  -3.0227614e-02  -3.9828274e-02
   5.0000000e-01  -3.1018081e-02  -3.9215796e-02
   5.0000000e-01  -3.1796141e-02  -3.8587633e-02
   5.0000000e-01  -3.2561483e-02  -3.7944035e-02
   5.0000000e-01  -3.3313801e-02  -3.7285261e-02
   5.0000000e-01  -3.4052794e-02  -3.6611572e-02
   5.0000000e-01  -3.4778166e-02  -3.5923240e-02
   5.0000000e-01  -3.5489628e-02  -3.5220538e-02
   5.0000000e-01  -3.6186894e-02  -3.4503749e-02
   5.0000000e-01  -3.6869686e-02  -3.3773159e-02
   5.0000000e-01  -3.7537730e-02  -3.3029060e-02
   5.0000000e-01  -3.8190760e-02  -3.2271750e-02
   5.0000000e-01  -3.8828514e-02  -3.1501532e-02
   5.0000000e-01  -3.9450737e-02  -3.0718713e-02
   5.0000000e-01  -4.0057181e-02  -2.9923607e-02
   5.0000000e-01  -4.0647602e-02  -2.9116533e-02
   5.0000000e-01  -4.1221764e-02  -2.8297812e-02
   5.0000000e-01  -4.1779439e-02  -2.7467772e-02
   5.0000000e-01  -4.2320402e-02  -2.6626745e-02
   5.0000000e-01  -4.2844438e-02  -2.5775069e-02
   5.0000000e-01  -4.3351336e-02  -2.4913082e-02
   5.0000000e-01  -4.3840894e-02  -2.4041131e-02
   5.0000000e-01  -4.4312917e-02  -2.3159563e-02
   5.0000000e-01  -4.4767215e-02  -2.2268732e-02
   5.0000000e-01  -4.5203607e-02  -2.1368994e-02
   5.0000000e-01  -4.5621918e-02  -2.0460709e-02
   5.0000000e-01  -4.6021981e-02  -1.9544239e-02
   5.0000000e-01  -4.6403635e-02  -1.8619952e-02
   5.0000000e-01  -4.6766729e-02  -1.7688217e-02
   5.0000000e-01  -4.7111117e-02  -1.6749408e-02
   5.0000000e-01  -4.7436661e-02  -1.5803898e-02
   5.0000000e-01  -4.7743231e-02  -1.4852068e-02
   5.0000000e-01  -4.8030704e-02  -1.3894296e-02
   5.0000000e-01  -4.8298966e-02  -1.2930968e-02
   5.0000000e-01  -4.8547908e-02  -1.1962467e-02
   5.0000000e-01  -4.8777432e-02  -1.0989181e-02
   5.0000000e-01  -4.8987446e-02  -1.0011499e-02
   5.0000000e-01  -4.9177866e-02  -9.0298135e-03
   5.0000000e-01  -4.9348615e-02  -8.0445158e-03
   5.0000000e-01  -4.9499625e-02  -7.0560005e-03
   5.0000000e-01  -4.9630836e-02  -6.0646628e-03
   5.0000000e-01  -4.9742195e-02  -5.0708994e-03
   5.0000000e-01  -4.9833658e-02  -4.0751077e-03
   5.0000000e-01  -4.9905189e-02  -3.0776859e-03
   5.0000000e-01  -4.9956758e-02  -2.0790332e-03
   5.0000000e-01  -4.9988344e-02  -1.0795489e-03
   5.0000000e-01  -4.9999937e-02  -7.9632721e-05
   5.0000000e-01  -4.9991529e-02   9.2031527e-04
   5.0000000e-01  -4.9963126e-02   1.9198951e-03
   5.0000000e-01  -4.9914739e-02   2.9187071e-03
   5.0000000e-01  -4.9846386e-02   3.9163516e-03
   5.0000000e-01  -4.9758095e-02   4.9124296e-03
   5.0000000e-01  -4.9649902e-02   5.9065427e-03
   5.0000000e-01  -4.9521849e-02   6.8982933e-03
   5.0000000e-01  -4.9373989e-02   7.8872846e-03
   5.0000000e-01  -4.9206379e-02   8.8731212e-03
   5.0000000e-01  -4.9019087e-02   9.8554086e-03
   5.0000000e-01  -4.8812189e-02   1.0833754e-02
   5.0000000e-01  -4.8585766e-02   1.1807766e-02
   5.0000000e-01  -4.8339910e-02   1.2777055e-02
   5.0000000e-01  -4.8074718e-02   1.3741233e-02
   5.0000000e-01  -4.7790297e-02   1.4699916e-02
   5.0000000e-01  -4.7486761e-02   1.5652718e-02
   5.0000000e-01  -4.7164230e-02   1.6599259e-02
   5.0000000e-01  -4.6822834e-02   1.7539161e-02
   5.0000000e-01  -4.6462710e-02   1.8472048e-02
   5.0000000e-01  -4.6084002e-02   1.9397546e-02
   5.0000000e-01  -4.5686860e-02   2.0315285e-02
   5.0000000e-01  -4.5271445e-02   2.1224898e-02
   5.0000000e-01  -4.4837921e-02   2.2126022e-02
   5.0000000e-01  -4.4386463e-02   2.3018296e-02
   5.0000000e-01  -4.3917250e-02   2.3901362e-02
   5.0000000e-01  -4.3430472e-02   2.4774869e-02
   5.0000000e-01  -4.2926322e-02   2.5638465e-02
   5.0000000e-01  -4.2405002e-02   2.6491807e-02
   5.0000000e-01  -4.1866720e-02   2.7334552e-02
   5.0000000e-01  -4.1311692e-02   2.8166364e-02
   5.0000000e-01  -4.0740141e-02   2.8986910e-02
   5.0000000e-01  -4.0152293e-02   2.9795861e-02
   5.0000000e-01  -3.9548386e-02   3.0592894e-02
   5.0000000e-01  -3.8928659e-02   3.1377691e-02
   5.0000000e-01  -3.8293362e-02   3.2149937e-02
   5.0000000e-01  -3.7642747e-02   3.2909323e-02
   5.0000000e-01  -3.6977076e-02   3.3655547e-02
   5.0000000e-01  -3.6296615e-02   3.4388308e-02
   5.0000000e-01  -3.5601636e-02   3.5107314e-02
   5.0000000e-01  -3.4892416e-02   3.5812278e-02
   5.0000000e-01  -3.4169240e-02   3.6502918e-02
   5.0000000e-01  -3.3432397e-02   3.7178957e-02
   5.0000000e-01  -3.2682181e-02   3.7840125e-02
   5.0000000e-01  -3.1918893e-02   3.8486157e-02
   5.0000000e-01  -3.1142837e-02   3.9116795e-02
   5.0000000e-01  -3.0354325e-02   3.9731787e-02
   5.0000000e-01  -2.9553672e-02   4.0330887e-02
   5.0000000e-01  -2.8741197e-02   4.0913855e-02
   5.0000000e-01  -2.7917227e-02   4.1480459e-02
   5.0000000e-01  -2.7082090e-02   4.2030470e-02
   5.0000000e-01  -2.6236120e-02   4.2563670e-02
   5.0000000e-01  -2.5379656e-02   4.3079845e-02
   5.0000000e-01  -2.4513041e-02   4.3578789e-02
   5.0000000e-01  -2.3636621e-02   4.4060301e-02
   5.0000000e-01  -2.2750747e-02   4.4524190e-02
   5.0000000e-01  -2.1855772e-02   4.4970270e-02
   5.0000000e-01  -2.0952056e-02   4.5398363e-02
   5.0000000e-01  -2.0039959e-02   4.5808297e-02
   5.0000000e-01  -1.9119846e-02   4.6199908e-02
   5.0000000e-01  -1.8192086e-02   4.6573040e-02
   5.0000000e-01  -1.7257049e-02   4.6927543e-02
   5.0000000e-01  -1.6315109e-02   4.7263276e-02
   5.0000000e-01  -1.5366644e-02   4.7580104e-02
   5.0000000e-01  -1.4412032e-02   4.7877900e-02
   5.0000000e-01  -1.3451655e-02   4.8156546e-02
   5.0000000e-01  -1.2485898e-02   4.8415931e-02
   5.0000000e-01  -1.1515147e-02   4.8655949e-02
   5.0000000e-01  -1.0539790e-02   4.8876506e-02
   5.0000000e-01  -9.5602172e-03   4.9077513e-02
   5.0000000e-01  -8.5768204e-03   4.9258889e-02
   5.0000000e-01  -7.5899930e-03   4.9420563e-02
   5.0000000e-01  -6.6001297e-03   4.9562469e-02
   5.0000000e-01  -5.6076265e-03   4.9684550e-02
   5.0000000e-01  -4.6128802e-03   4.9786759e-02
   5.0000000e-01  -3.6162889e-03   4.9869053e-02
   5.0000000e-01  -2.6182511e-03   4.9931401e-02
   5.0000000e-01  -1.6191660e-03   4.9973776e-02
   5.0000000e-01  -6.1943328e-04   4.9996163e-02
   5.0000000e-01   3.8054720e-04   4.9998552e-02
   5.0000000e-01   1.3803755e-03   4.9980942e-02
   5.0000000e-01   2.3796516e-03   4.9943340e-02
   5.0000000e-01   3.3779759e-03   4.9885762e-02
   5.0000000e-01   4.3749491e-03   4.9808230e-02
   5.0000000e-01   5.3701723e-03   4.9710776e-02
   5.0000000e-01   6.3632475e-03   4.9593438e-02
   5.0000000e-01   7.3537776e-03   4.9456263e-02
   5.0000000e-01   8.3413662e-03   4.9299306e-02
   5.0000000e-01   9.3256184e-03   4.9122631e-02
   5.0000000e-01   1.0306140e-02   4.8926307e-02
   5.0000000e-01   1.1282540e-02   4.8710413e-02
   5.0000000e-01   1.2254427e-02   4.8475035e-02
   5.0000000e-01   1.3221412e-02   4.8220268e-02
   5.0000000e-01   1.4183109e-02   4.7946214e-02
   5.0000000e-01   1.5139133e-02   4.7652982e-02
   5.0000000e-01   1.6089101e-02   4.7340689e-02
   5.0000000e-01   1.7032634e-02   4.7009460e-02
   5.0000000e-01   1.7969354e-02   4.6659429e-02
   5.0000000e-01   1.8898887e-02   4.6290734e-02
   5.0000000e-01   1.9820860e-02   4.5903524e-02
   5.0000000e-01   2.0734906e-02   4.5497953e-02
   5.0000000e-01   2.1640657e-02   4.5074183e-02
   5.0000000e-01   2.2537753e-02   4.4632384e-02
   5.0000000e-01   2.3425833e-02   4.4172733e-02
   5.0000000e-01   2.4304544e-02   4.3695413e-02
   5.0000000e-01   2.5173533e-02   4.3200616e-02
   5.0000000e-01   2.6032454e-02   4.2688539e-02
   5.0000000e-01   2.6880961e-02   4.2159387e-02
   5.0000000e-01   2.7718717e-02   4.1613372e-02
   5.0000000e-01   2.8545385e-02   4.1050712e-02
   5.0000000e-01   2.9360636e-02   4.0471633e-02
   5.0000000e-01   3.0164142e-02   3.9876365e-02
   5.0000000e-01   3.0955584e-02   3.9265148e-02
   5.0000000e-01   3.1734644e-02   3.8638224e-02
   5.0000000e-01   3.2501010e-02   3.7995847e-02
   5.0000000e-01   3.3254376e-02   3.7338271e-02
   5.0000000e-01   3.3994441e-02   3.6665760e-02
   5.0000000e-01   3.4720909e-02   3.5978584e-02
   5.0000000e-01   3.5433489e-02   3.5277016e-02
   5.0000000e-01   3.6131895e-02   3.4561339e-02
   5.0000000e-01   3.6815850e-02   3.3831837e-02
   5.0000000e-01   3.7485079e-02   3.3088803e-02
   5.0000000e-01   3.8139314e-02   3.2332534e-02
   5.0000000e-01   3.8778294e-02   3.1563332e-02
   5.0000000e-01   3.9401763e-02   3.0781505e-02
   5.0000000e-01   4.0009472e-02   2.9987367e-02
   5.0000000e-01   4.0601178e-02   2.9181233e-02
   5.0000000e-01   4.1176643e-02   2.8363428e-02
   5.0000000e-01   4.1735639e-02   2.7534277e-02
   5.0000000e-01   4.2277941e-02   2.6694113e-02
   5.0000000e-01   4.2803333e-02   2.5843272e-02
   5.0000000e-01   4.3311603e-02   2.4982094e-02
   5.0000000e-01   4.3802550e-02   2.4110924e-02
   5.0000000e-01   4.4275976e-02   2.3230109e-02
   5.0000000e-01   4.4731692e-02   2.2340003e-02
   5.0000000e-01   4.5169516e-02   2.1440961e-02
   5.0000000e-01   4.5589273e-02   2.0533343e-02
   5.0000000e-01   4.5990795e-02   1.9617511e-02
   5.0000000e-01   4.6373921e-02   1.8693833e-02
   5.0000000e-01   4.6738499e-02   1.7762678e-02
   5.0000000e-01   4.7084381e-02   1.6824418e-02
   5.0000000e-01   4.7411431e-02   1.5879428e-02
   5.0000000e-01   4.7719516e-02   1.4928087e-02
   5.0000000e-01   4.8008514e-02   1.3970775e-02
   5.0000000e-01   4.8278310e-02   1.3007875e-02
   5.0000000e-01   4.8528795e-02   1.2039771e-02
   5.0000000e-01   4.8759869e-02   1.1066852e-02
   5.0000000e-01   4.8971439e-02   1.0089507e-02
   5.0000000e-01   4.9163422e-02   9.1081254e-03
   5.0000000e-01   4.9335740e-02   8.1231009e-03
   5.0000000e-01   4.9488324e-02   7.1348273e-03
   5.0000000e-01   4.9621114e-02   6.1436999e-03
   5.0000000e-01   4.9734056e-02   5.1501151e-03
   5.0000000e-01   4.9827105e-02   4.1544703e-03
   5.0000000e-01   4.9900224e-02   3.1571638e-03
   5.0000000e-01   4.9953383e-02   2.1585944e-03
   5.0000000e-01   4.9986562e-02   1.1591616e-03
   5.0000000e-01   4.9999746e-02   1.5926523e-04
   5.0000000e-01   4.9992932e-02  -8.4069488e-04
   5.0000000e-01   4.9966121e-02  -1.8403187e-03
   5.0000000e-01   4.9919324e-02  -2.8392065e-03
   5.0000000e-01   4.9852560e-02  -3.8369586e-03
   5.0000000e-01   4.9765856e-02  -4.8331759e-03
   5.0000000e-01   4.9659246e-02  -5.8274601e-03
   5.0000000e-01   4.9532773e-02  -6.8194134e-03
   5.0000000e-01   4.9386488e-02  -7.8086389e-03
   5.0000000e-01   4.9220448e-02  -8.7947412e-03
   5.0000000e-01   4.9034721e-02  -9.7773256e-03
   5.0000000e-01   4.8829381e-02  -1.0755999e-02
   5.0000000e-01   4.8604510e-02  -1.1730371e-02
   5.0000000e-01   4.8360198e-02  -1.2700050e-02
   5.0000000e-01   4.8096542e-02  -1.3664650e-02
   5.0000000e-01   4.7813648e-02  -1.4623783e-02
   5.0000000e-01   4.7511630e-02  -1.5577068e-02
   5.0000000e-01   4.7190607e-02  -1.6524122e-02
   5.0000000e-01   4.6850709e-02  -1.7464566e-02
   5.0000000e-01   4.6492071e-02  -1.8398025e-02
   5.0000000e-01   4.6114837e-02  -1.9324125e-02
   5.0000000e-01   4.5719157e-02  -2.0242496e-02
   5.0000000e-01   4.5305191e-02  -2.1152770e-02
   5.0000000e-01   4.4873103e-02  -2.2054583e-02
   5.0000000e-01   4.4423067e-02  -2.2947574e-02
   5.0000000e-01   4.3955261e-02  -2.3831387e-02
   5.0000000e-01   4.3469875e-02  -2.4705667e-02
   5.0000000e-01   4.2967100e-02  -2.5570066e-02
   5.0000000e-01   4.2447140e-02  -2.6424237e-02
   5.0000000e-01   4.1910201e-02  -2.7267838e-02
   5.0000000e-01   4.1356499e-02  -2.8100533e-02
   5.0000000e-01   4.0786255e-02  -2.8921988e-02
   5.0000000e-01   4.0199697e-02  -2.9731875e-02
   5.0000000e-01   3.9597059e-02  -3.0529869e-02
   5.0000000e-01   3.8978584e-02  -3.1315651e-02
   5.0000000e-01   3.8344517e-02  -3.2088908e-02
   5.0000000e-01   3.7695113e-02  -3.2849330e-02
   5.0000000e-01   3.7030631e-02  -3.3596612e-02
   5.0000000e-01   3.6351338e-02  -3.4330456e-02
   5.0000000e-01   3.5657505e-02  -3.5050569e-02
   5.0000000e-01   3.4949409e-02  -3.5756661e-02
   5.0000000e-01   3.4227333e-02  -3.6448452e-02
   5.0000000e-01   3.3491568e-02  -3.7125663e-02
   5.0000000e-01   3.2742406e-02  -3.7788025e-02
   5.0000000e-01   3.1980148e-02  -3.8435272e-02
   5.0000000e-01   3.1205097e-02  -3.9067146e-02
   5.0000000e-01   3.0417566e-02  -3.9683393e-02
   5.0000000e-01   2.9617868e-02  -4.0283767e-02
   5.0000000e-01   2.8806323e-02  -4.0868029e-02
   5.0000000e-01   2.7983255e-02  -4.1435944e-02
   5.0000000e-01   2.7148995e-02  -4.1987284e-02
   5.0000000e-01   2.6303876e-02  -4.2521831e-02
   5.0000000e-01   2.5448235e-02  -4.3039369e-02
   5.0000000e-01   2.4582416e-02  -4.3539692e-02
   5.0000000e-01   2.3706764e-02  -4.4022600e-02
   5.0000000e-01   2.2821629e-02  -4.4487900e-02
   5.0000000e-01   2.1927367e-02  -4.4935405e-02
   5.0000000e-01   2.1024333e-02  -4.5364936e-02
   5.0000000e-01   2.0112890e-02  -4.5776322e-02
   5.0000000e-01   1.9193402e-02  -4.6169398e-02
   5.0000000e-01   1.8266237e-02  -4.6544007e-02
   5.0000000e-01   1.7331766e-02  -4.6899999e-02
   5.0000000e-01   1.6390362e-02  -4.7237231e-02
   5.0000000e-01   1.5442403e-02  -4.7555570e-02
   5.0000000e-01   1.4488266e-02  -4.7854886e-02
   5.0000000e-01   1.3528335e-02  -4.8135062e-02
   5.0000000e-01   1.2562992e-02  -4.8395984e-02
   5.0000000e-01   1.1592625e-02  -4.8637548e-02
   5.0000000e-01   1.0617620e-02  -4.8859658e-02
   5.0000000e-01   9.6383686e-03  -4.9062224e-02
   5.0000000e-01   8.6552619e-03  -4.9245167e-02
   5.0000000e-01   7.6686933e-03  -4.9408412e-02
   5.0000000e-01   6.6790572e-03  -4.9551894e-02
   5.0000000e-01   5.6867496e-03  -4.9675556e-02
   5.0000000e-01   4.6921674e-03  -4.9779349e-02
   5.0000000e-01   3.6957084e-03  -4.9863230e-02
   5.0000000e-01   2.6977712e-03  -4.9927167e-02
   5.0000000e-01   1.6987549e-03  -4.9971134e-02
   5.0000000e-01   6.9905910e-04  -4.9995113e-02
   5.0000000e-01  -3.0091631e-04  -4.9999094e-02
   5.0000000e-01  -1.3007714e-03  -4.9983077e-02
   5.0000000e-01  -2.3001061e-03  -4.9947067e-02
   5.0000000e-01  -3.2985208e-03  -4.9891079e-02
   5.0000000e-01  -4.2956162e-03  -4.9815135e-02
   5.0000000e-01  -5.2909934e-03  -4.9719266e-02
   5.0000000e-01  -6.2842543e-03  -4.9603509e-02
   5.0000000e-01  -7.2750015e-03  -4.9467912e-02
   5.0000000e-01  -8.2628389e-03  -4.9312529e-02
   5.0000000e-01  -9.2473712e-03  -4.9137421e-02
   5.0000000e-01  -1.0228205e-02  -4.8942659e-02
   5.0000000e-01  -1.1204947e-02  -4.8728320e-02
   5.0000000e-01  -1.2177208e-02  -4.8494491e-02
   5.0000000e-01  -1.3144597e-02  -4.8241264e-02
   5.0000000e-01  -1.4106729e-02  -4.7968742e-02
   5.0000000e-01  -1.5063219e-02  -4.7677033e-02
   5.0000000e-01  -1.6013684e-02  -4.7366253e-02
   5.0000000e-01  -1.6957743e-02  -4.7036528e-02
   5.0000000e-01  -1.7895019e-02  -4.6687989e-02
   5.0000000e-01  -1.8825138e-02  -4.6320775e-02
   5.0000000e-01  -1.9747727e-02  -4.5935033e-02
   5.0000000e-01  -2.0662417e-02  -4.5530918e-02
   5.0000000e-01  -2.1568842e-02  -4.5108592e-02
   5.0000000e-01  -2.2466640e-02  -4.4668222e-02
   5.0000000e-01  -2.3355452e-02  -4.4209986e-02
   5.0000000e-01  -2.4234922e-02  -4.3734066e-02
   5.0000000e-01  -2.5104698e-02  -4.3240654e-02
   5.0000000e-01  -2.5964433e-02  -4.2729945e-02
   5.0000000e-01  -2.6813782e-02  -4.2202146e-02
   5.0000000e-01  -2.7652406e-02  -4.1657466e-02
   5.0000000e-01  -2.8479969e-02  -4.1096123e-02
   5.0000000e-01  -2.9296141e-02  -4.0518343e-02
   5.0000000e-01  -3.0100595e-02  -3.9924356e-02
   5.0000000e-01  -3.0893009e-02  -3.9314399e-02
   5.0000000e-01  -3.1673066e-02  -3.8688718e-02
   5.0000000e-01  -3.2440454e-02  -3.8047561e-02
   5.0000000e-01  -3.3194867e-02  -3.7391186e-02
   5.0000000e-01  -3.3936002e-02  -3.6719855e-02
   5.0000000e-01  -3.4663563e-02  -3.6033836e-02
   5.0000000e-01  -3.5377260e-02  -3.5333405e-02
   5.0000000e-01  -3.6076805e-02  -3.4618840e-02
   5.0000000e-01  -3.6761921e-02  -3.3890429e-02
   5.0000000e-01  -3.7432332e-02  -3.3148462e-02
   5.0000000e-01  -3.8087771e-02  -3.2393235e-02
   5.0000000e-01  -3.8727975e-02  -3.1625052e-02
   5.0000000e-01  -3.9352689e-02  -3.0844220e-02
   5.0000000e-01  -3.9961662e-02  -3.0051050e-02
   5.0000000e-01  -4.0554651e-02  -2.9245860e-02
   5.0000000e-01  -4.1131418e-02  -2.8428972e-02
   5.0000000e-01  -4.1691734e-02  -2.7600713e-02
   5.0000000e-01  -4.2235373e-02  -2.6761414e-02
   5.0000000e-01  -4.2762119e-02  -2.5911410e-02
   5.0000000e-01  -4.3271760e-02  -2.5051043e-02
   5.0000000e-01  -4.3764094e-02  -2.4180655e-02
   5.0000000e-01  -4.4238922e-02  -2.3300596e-02
   5.0000000e-01  -4.4696055e-02  -2.2411217e-02
   5.0000000e-01  -4.5135311e-02  -2.1512873e-02
   5.0000000e-01  -4.5556513e-02  -2.0605924e-02
   5.0000000e-01  -4.5959493e-02  -1.9690734e-02
   5.0000000e-01  -4.6344090e-02  -1.8767667e-02
   5.0000000e-01  -4.6710150e-02  -1.7837094e-02
   5.0000000e-01  -4.7057526e-02  -1.6899386e-02
   5.0000000e-01  -4.7386080e-02  -1.5954918e-02
   5.0000000e-01  -4.7695680e-02  -1.5004069e-02
   5.0000000e-01  -4.7986203e-02  -1.4047218e-02
   5.0000000e-01  -4.8257532e-02  -1.3084749e-02
   5.0000000e-01  -4.8509558e-02  -1.2117046e-02
   5.0000000e-01  -4.8742181e-02  -1.1144496e-02
   5.0000000e-01  -4.8955308e-02  -1.0167488e-02
   5.0000000e-01  -4.9148853e-02  -9.1864141e-03
   5.0000000e-01  -4.9322740e-02  -8.2016654e-03
   5.0000000e-01  -4.9476898e-02  -7.2136361e-03
   5.0000000e-01  -4.9611266e-02  -6.2227214e-03
   5.0000000e-01  -4.9725790e-02  -5.2293177e-03
   5.0000000e-01  -4.9820425e-02  -4.2338224e-03
   5.0000000e-01  -4.9895132e-02  -3.2366335e-03
   5.0000000e-01  -4.9949882e-02  -2.2381501e-03
   5.0000000e-01  -4.9984652e-02  -1.2387715e-03
   5.0000000e-01  -4.9999429e-02  -2.3889733e-04
   5.0000000e-01  -4.9994207e-02   7.6107236e-04
   5.0000000e-01  -4.9968988e-02   1.7607376e-03
   5.0000000e-01  -4.9923783e-02   2.7596987e-03
   5.0000000e-01  -4.9858608e-02   3.7575558e-03
   5.0000000e-01  -4.9773490e-02   4.7539100e-03
   5.0000000e-01  -4.9668464e-02   5.7483627e-03
   5.0000000e-01  -4.9543571e-02   6.7405161e-03
   5.0000000e-01  -4.9398861e-02   7.7299734e-03
   5.0000000e-01  -4.9234393e-02   8.7163389e-03
   5.0000000e-01  -4.9050231e-02   9.6992179e-03
   5.0000000e-01  -4.8846450e-02   1.0678217e-02
   5.0000000e-01  -4.8623131e-02   1.1652946e-02
   5.0000000e-01  -4.8380363e-02   1.2623013e-02
   5.0000000e-01  -4.8118244e-02   1.3588031e-02
   5.0000000e-01  -4.7836878e-02   1.4547614e-02
   5.0000000e-01  -4.7536378e-02   1.5501379e-02
   5.0000000e-01  -4.7216864e-02   1.6448943e-02
   5.0000000e-01  -4.6878464e-02   1.7389927e-02
   5.0000000e-01  -4.6521314e-02   1.8323956e-02
   5.0000000e-01  -4.6145555e-02   1.9250656e-02
   5.0000000e-01  -4.5751339e-02   2.0169655e-02
   5.0000000e-01  -4.5338823e-02   2.1080587e-02
   5.0000000e-01  -4.4908171e-02   2.1983087e-02
   5.0000000e-01  -4.4459558e-02   2.2876794e-02
   5.0000000e-01  -4.3993161e-02   2.3761351e-02
   5.0000000e-01  -4.3509167e-02   2.4636404e-02
   5.0000000e-01  -4.3007770e-02   2.5501602e-02
   5.0000000e-01  -4.2489171e-02   2.6356600e-02
   5.0000000e-01  -4.1953577e-02   2.7201055e-02
   5.0000000e-01  -4.1401201e-02   2.8034631e-02
   5.0000000e-01  -4.0832266e-02   2.8856993e-02
   5.0000000e-01  -4.0246999e-02   2.9667813e-02
   5.0000000e-01  -3.9645633e-02   3.0466766e-02
   5.0000000e-01  -3.9028409e-02   3.1253532e-02
   5.0000000e-01  -3.8395575e-02   3.2027798e-02
   5.0000000e-01  -3.7747383e-02   3.2789253e-02
   5.0000000e-01  -3.7084092e-02   3.3537593e-02
   5.0000000e-01  -3.6405968e-02   3.4272518e-02
   5.0000000e-01  -3.5713283e-02   3.4993734e-02
   5.0000000e-01  -3.5006312e-02   3.5700954e-02
   5.0000000e-01  -3.4285340e-02   3.6393893e-02
   5.0000000e-01  -3.3550654e-02   3.7072276e-02
   5.0000000e-01  -3.2802548e-02   3.7735830e-02
   5.0000000e-01  -3.2041321e-02   3.8384290e-02
   5.0000000e-01  -3.1267278e-02   3.9017397e-02
   5.0000000e-01  -3.0480729e-02   3.9634898e-02
   5.0000000e-01  -2.9681988e-02   4.0236545e-02
   5.0000000e-01  -2.8871375e-02   4.0822098e-02
   5.0000000e-01  -2.8049213e-02   4.1391323e-02
   5.0000000e-01  -2.7215832e-02   4.1943992e-02
   5.0000000e-01  -2.6371565e-02   4.2479884e-02
   5.0000000e-01  -2.5516750e-02   4.2998784e-02
   5.0000000e-01  -2.4651728e-02   4.3500486e-02
   5.0000000e-01  -2.3776847e-02   4.3984788e-02
   5.0000000e-01  -2.2892454e-02   4.4451496e-02
   5.0000000e-01  -2.1998905e-02   4.4900425e-02
   5.0000000e-01  -2.1096557e-02   4.5331394e-02
   5.0000000e-01  -2.0185770e-02   4.5744231e-02
   5.0000000e-01  -1.9266910e-02   4.6138771e-02
   5.0000000e-01  -1.8340343e-02   4.6514856e-02
   5.0000000e-01  -1.7406440e-02   4.6872336e-02
   5.0000000e-01  -1.6465574e-02   4.7211067e-02
   5.0000000e-01  -1.5518123e-02   4.7530915e-02
   5.0000000e-01  -1.4564464e-02   4.7831751e-02
   5.0000000e-01  -1.3604980e-02   4.8113455e-02
   5.0000000e-01  -1.2640054e-02   4.8375914e-02
   5.0000000e-01  -1.1670073e-02   4.8619023e-02
   5.0000000e-01  -1.0695423e-02   4.8842685e-02
   5.0000000e-01  -9.7164955e-03   4.9046811e-02
   5.0000000e-01  -8.7336815e-03   4.9231319e-02
   5.0000000e-01  -7.7473741e-03   4.9396135e-02
   5.0000000e-01  -6.7579678e-03   4.9541194e-02
   5.0000000e-01  -5.7658584e-03   4.9666436e-02
   5.0000000e-01  -4.7714428e-03   4.9771813e-02
   5.0000000e-01  -3.7751186e-03   4.9857281e-02
   5.0000000e-01  -2.7772845e-03   4.9922807e-02
   5.0000000e-01  -1.7783395e-03   4.9968365e-02
   5.0000000e-01  -7.7868313e-04   4.9993936e-02
   5.0000000e-01   2.2128467e-04   4.9999510e-02
   5.0000000e-01   1.2211640e-03   4.9985085e-02
   5.0000000e-01   2.2205548e-03   4.9950667e-02
   5.0000000e-01   3.2190574e-03   4.9896269e-02
   5.0000000e-01   4.2162725e-03   4.9821913e-02
   5.0000000e-01   5.2118011e-03   4.9727629e-02
   5.0000000e-01   6.2052451e-03   4.9613455e-02
   5.0000000e-01   7.1962070e-03   4.9479436e-02
   5.0000000e-01   8.1842906e-03   4.9325626e-02
   5.0000000e-01   9.1691005e-03   4.9152086e-02
   5.0000000e-01   1.0150243e-02   4.8958886e-02
   5.0000000e-01   1.1127325e-02   4.8746104e-02
   5.0000000e-01   1.2099957e-02   4.8513823e-02
   5.0000000e-01   1.3067749e-02   4.8262138e-02
   5.0000000e-01   1.4030314e-02   4.7991148e-02
   5.0000000e-01   1.4987267e-02   4.7700963e-02
   5.0000000e-01   1.5938225e-02   4.7391697e-02
   5.0000000e-01   1.6882808e-02   4.7063476e-02
   5.0000000e-01   1.7820639e-02   4.6716430e-02
   5.0000000e-01   1.8751341e-02   4.6350698e-02
   5.0000000e-01   1.9674543e-02   4.5966426e-02
   5.0000000e-01   2.0589876e-02   4.5563769e-02
   5.0000000e-01   2.1496972e-02   4.5142886e-02
   5.0000000e-01   2.2395471e-02   4.4703947e-02
   5.0000000e-01   2.3285011e-02   4.4247127e-02
   5.0000000e-01   2.4165238e-02   4.3772609e-02
   5.0000000e-01   2.5035799e-02   4.3280582e-02
   5.0000000e-01   2.5896346e-02   4.2771244e-02
   5.0000000e-01   2.6746534e-02   4.2244797e-02
   5.0000000e-01   2.7586025e-02   4.1701454e-02
   5.0000000e-01   2.8414481e-02   4.1141430e-02
   5.0000000e-01   2.9231572e-02   4.0564950e-02
   5.0000000e-01   3.0036971e-02   3.9972245e-02
   5.0000000e-01   3.0830356e-02   3.9363551e-02
   5.0000000e-01   3.1611408e-02   3.8739113e-02
   5.0000000e-01   3.2379817e-02   3.8099179e-02
   5.0000000e-01   3.3135274e-02   3.7444007e-02
   5.0000000e-01   3.3877477e-02   3.6773857e-02
   5.0000000e-01   3.4606130e-02   3.6088998e-02
   5.0000000e-01   3.5320941e-02   3.5389704e-02
   5.0000000e-01   3.6021624e-02   3.4676254e-02
   5.0000000e-01   3.6707899e-02   3.3948935e-02
   5.0000000e-01   3.7379491e-02   3.3208036e-02
   5.0000000e-01   3.8036131e-02   3.2453855e-02
   5.0000000e-01   3.8677558e-02   3.1686693e-02
   5.0000000e-01   3.9303515e-02   3.0906856e-02
   5.0000000e-01   3.9913750e-02   3.0114657e-02
   5.0000000e-01   4.0508021e-02   2.9310412e-02
   5.0000000e-01   4.1086088e-02   2.8494444e-02
   5.0000000e-01   4.1647722e-02   2.7667078e-02
   5.0000000e-01   4.2192698e-02   2.6828646e-02
   5.0000000e-01   4.2720797e-02   2.5979483e-02
   5.0000000e-01   4.3231808e-02   2.5119928e-02
   5.0000000e-01   4.3725527e-02   2.4250326e-02
   5.0000000e-01   4.4201756e-02   2.3371024e-02
   5.0000000e-01   4.4660305e-02   2.2482373e-02
   5.0000000e-01   4.5100991e-02   2.1584731e-02
   5.0000000e-01   4.5523637e-02   2.0678454e-02
   5.0000000e-01   4.5928074e-02   1.9763906e-02
   5.0000000e-01   4.6314141e-02   1.8841454e-02
   5.0000000e-01   4.6681682e-02   1.7911464e-02
   5.0000000e-01   4.7030551e-02   1.6974311e-02
   5.0000000e-01   4.7360609e-02   1.6030368e-02
   5.0000000e-01   4.7671723e-02   1.5080013e-02
   5.0000000e-01   4.7963770e-02   1.4123626e-02
   5.0000000e-01   4.8236631e-02   1.3161590e-02
   5.0000000e-01   4.8490198e-02   1.2194289e-02
   5.0000000e-01   4.8724370e-02   1.1222111e-02
   5.0000000e-01   4.8939053e-02   1.0245444e-02
   5.0000000e-01   4.9134160e-02   9.2646796e-03
   5.0000000e-01   4.9309615e-02   8.2802090e-03
   5.0000000e-01   4.9465347e-02   7.2924265e-03
   5.0000000e-01   4.9601293e-02   6.3017271e-03
   5.0000000e-01   4.9717399e-02   5.3085070e-03
   5.0000000e-01   4.9813619e-02   4.3131637e-03
   5.0000000e-01   4.9889914e-02   3.3160951e-03
   5.0000000e-01   4.9946254e-02   2.3177002e-03
   5.0000000e-01   4.9982616e-02   1.3183782e-03
   5.0000000e-01   4.9998985e-02   3.1852882e-04
   5.0000000e-01   4.9995356e-02  -6.8144792e-04
   5.0000000e-01   4.9971729e-02  -1.6811521e-03
   5.0000000e-01   4.9928114e-02  -2.6801838e-03
   5.0000000e-01   4.9864529e-02  -3.6781435e-03
   5.0000000e-01   4.9780999e-02  -4.6746320e-03
   5.0000000e-01   4.9677556e-02  -5.6692507e-03
   5.0000000e-01   4.9554244e-02  -6.6616018e-03
   5.0000000e-01   4.9411110e-02  -7.6512883e-03
   5.0000000e-01   4.9248212e-02  -8.6379144e-03
   5.0000000e-01   4.9065616e-02  -9.6210855e-03
   5.0000000e-01   4.8863395e-02  -1.0600408e-02
   5.0000000e-01   4.8641628e-02  -1.1575491e-02
   5.0000000e-01   4.8400406e-02  -1.2545944e-02
   5.0000000e-01   4.8139824e-02  -1.3511378e-02
   5.0000000e-01   4.7859987e-02  -1.4471408e-02
   5.0000000e-01   4.7561006e-02  -1.5425650e-02
   5.0000000e-01   4.7243002e-02  -1.6373722e-02
   5.0000000e-01   4.6906101e-02  -1.7315244e-02
   5.0000000e-01   4.6550438e-02  -1.8249841e-02
   5.0000000e-01   4.6176156e-02  -1.9177138e-02
   5.0000000e-01   4.5783404e-02  -2.0096764e-02
   5.0000000e-01   4.5372339e-02  -2.1008352e-02
   5.0000000e-01   4.4943126e-02  -2.1911536e-02
   5.0000000e-01   4.4495936e-02  -2.2805957e-02
   5.0000000e-01   4.4030949e-02  -2.3691255e-02
   5.0000000e-01   4.3548349e-02  -2.4567077e-02
   5.0000000e-01   4.3048331e-02  -2.5433073e-02
   5.0000000e-01   4.2531094e-02  -2.6288896e-02
   5.0000000e-01   4.1996845e-02  -2.7134203e-02
   5.0000000e-01   4.1445798e-02  -2.7968658e-02
   5.0000000e-01   4.0878174e-02  -2.8791925e-02
   5.0000000e-01   4.0294198e-02  -2.9603676e-02
   5.0000000e-01   3.9694105e-02  -3.0403585e-02
   5.0000000e-01   3.9078136e-02  -3.1191334e-02
   5.0000000e-01   3.8446535e-02  -3.1966606e-02
   5.0000000e-01   3.7799557e-02  -3.2729093e-02
   5.0000000e-01   3.7137459e-02  -3.3478488e-02
   5.0000000e-01   3.6460506e-02  -3.4214492e-02
   5.0000000e-01   3.5768970e-02  -3.4936811e-02
   5.0000000e-01   3.5063127e-02  -3.5645156e-02
   5.0000000e-01   3.4343259e-02  -3.6339243e-02
   5.0000000e-01   3.3609654e-02  -3.7018794e-02
   5.0000000e-01   3.2862606e-02  -3.7683539e-02
   5.0000000e-01   3.2102413e-02  -3.8333211e-02
   5.0000000e-01   3.1329380e-02  -3.8967550e-02
   5.0000000e-01   3.0543815e-02  -3.9586303e-02
   5.0000000e-01   2.9746033e-02  -4.0189221e-02
   5.0000000e-01   2.8936354e-02  -4.0776065e-02
   5.0000000e-01   2.8115100e-02  -4.1346598e-02
   5.0000000e-01   2.7282600e-02  -4.1900594e-02
   5.0000000e-01   2.6439188e-02  -4.2437829e-02
   5.0000000e-01   2.5585200e-02  -4.2958091e-02
   5.0000000e-01   2.4720978e-02  -4.3461169e-02
   5.0000000e-01   2.3846869e-02  -4.3946864e-02
   5.0000000e-01   2.2963221e-02  -4.4414980e-02
   5.0000000e-01   2.2070388e-02  -4.4865331e-02
   5.0000000e-01   2.1168727e-02  -4.5297737e-02
   5.0000000e-01   2.0258600e-02  -4.5712024e-02
   5.0000000e-01   1.9340368e-02  -4.6108027e-02
   5.0000000e-01   1.8414401e-02  -4.6485587e-02
   5.0000000e-01   1.7481069e-02  -4.6844554e-02
   5.0000000e-01   1.6540744e-02  -4.7184783e-02
   5.0000000e-01   1.5593803e-02  -4.7506140e-02
   5.0000000e-01   1.4640625e-02  -4.7808494e-02
   5.0000000e-01   1.3681591e-02  -4.8091726e-02
   5.0000000e-01   1.2717084e-02  -4.8355721e-02
   5.0000000e-01   1.1747491e-02  -4.8600375e-02
   5.0000000e-01   1.0773199e-02  -4.8825589e-02
   5.0000000e-01   9.7945978e-03  -4.9031274e-02
   5.0000000e-01   8.8120789e-03  -4.9217347e-02
   5.0000000e-01   7.8260352e-03  -4.9383734e-02
   5.0000000e-01   6.8368612e-03  -4.9530368e-02
   5.0000000e-01   5.8449525e-03  -4.9657190e-02
   5.0000000e-01   4.8507060e-03  -4.9764150e-02
   5.0000000e-01   3.8545192e-03  -4.9851205e-02
   5.0000000e-01   2.8567907e-03  -4.9918321e-02
   5.0000000e-01   1.8579195e-03  -4.9965469e-02
   5.0000000e-01   8.5830518e-04  -4.9992633e-02
   5.0000000e-01  -1.4165247e-04  -4.9999799e-02
   5.0000000e-01  -1.1415535e-03  -4.9986967e-02
   5.0000000e-01  -2.1409978e-03  -4.9954140e-02
   5.0000000e-01  -3.1395859e-03  -4.9901333e-02
   5.0000000e-01  -4.1369181e-03  -4.9828565e-02
   5.0000000e-01  -5.1325956e-03  -4.9735867e-02
   5.0000000e-01  -6.1262201e-03  -4.9623275e-02
   5.0000000e-01  -7.1173943e-03  -4.9490834e-02
   5.0000000e-01  -8.1057215e-03  -4.9338598e-02
   5.0000000e-01  -9.0908066e-03  -4.9166627e-02
   5.0000000e-01  -1.0072256e-02  -4.8974990e-02
   5.0000000e-01  -1.1049676e-02  -4.8763764e-02
   5.0000000e-01  -1.2022676e-02  -4.8533033e-02
   5.0000000e-01  -1.2990868e-02  -4.8282889e-02
   5.0000000e-01  -1.3953863e-02  -4.8013433e-02
   5.0000000e-01  -1.4911277e-02  -4.7724772e-02
   5.0000000e-01  -1.5862726e-02  -4.7417021e-02
   5.0000000e-01  -1.6807831e-02  -4.7090305e-02
   5.0000000e-01  -1.7746213e-02  -4.6744753e-02
   5.0000000e-01  -1.8677497e-02  -4.6380504e-02
   5.0000000e-01  -1.9601310e-02  -4.5997703e-02
   5.0000000e-01  -2.0517282e-02  -4.5596504e-02
   5.0000000e-01  -2.1425048e-02  -4.5177066e-02
   5.0000000e-01  -2.2324244e-02  -4.4739559e-02
   5.0000000e-01  -2.3214511e-02  -4.4284156e-02
   5.0000000e-01  -2.4095492e-02  -4.3811040e-02
   5.0000000e-01  -2.4966836e-02  -4.3320401e-02
   5.0000000e-01  -2.5828193e-02  -4.2812433e-02
   5.0000000e-01  -2.6679219e-02  -4.2287342e-02
   5.0000000e-01  -2.7519574e-02  -4.1745336e-02
   5.0000000e-01  -2.8348921e-02  -4.1186632e-02
   5.0000000e-01  -2.9166929e-02  -4.0611454e-02
   5.0000000e-01  -2.9973271e-02  -4.0020033e-02
   5.0000000e-01  -3.0767624e-02  -3.9412604e-02
   5.0000000e-01  -3.1549670e-02  -3.8789410e-02
   5.0000000e-01  -3.2319097e-02  -3.8150701e-02
   5.0000000e-01  -3.3075596e-02  -3.7496732e-02
   5.0000000e-01  -3.3818866e-02  -3.6827765e-02
   5.0000000e-01  -3.4548609e-02  -3.6144068e-02
   5.0000000e-01  -3.5264532e-02  -3.5445913e-02
   5.0000000e-01  -3.5966351e-02  -3.4733580e-02
   5.0000000e-01  -3.6653783e-02  -3.4007355e-02
   5.0000000e-01  -3.7326554e-02  -3.3267527e-02
   5.0000000e-01  -3.7984395e-02  -3.2514392e-02
   5.0000000e-01  -3.8627043e-02  -3.1748252e-02
   5.0000000e-01  -3.9254241e-02  -3.0969413e-02
   5.0000000e-01  -3.9865737e-02  -3.0178187e-02
   5.0000000e-01  -4.0461288e-02  -2.9374890e-02
   5.0000000e-01  -4.1040655e-02  -2.8559844e-02
   5.0000000e-01  -4.1603605e-02  -2.7733374e-02
   5.0000000e-01  -4.2149916e-02  -2.6895810e-02
   5.0000000e-01  -4.2679366e-02  -2.6047489e-02
   5.0000000e-01  -4.3191746e-02  -2.5188750e-02
   5.0000000e-01  -4.3686849e-02  -2.4319935e-02
   5.0000000e-01  -4.4164478e-02  -2.3441392e-02
   5.0000000e-01  -4.4624442e-02  -2.2553473e-02
   5.0000000e-01  -4.5066557e-02  -2.1656533e-02
   5.0000000e-01  -4.5490646e-02  -2.0750931e-02
   5.0000000e-01  -4.5896539e-02  -1.9837029e-02
   5.0000000e-01  -4.6284074e-02  -1.8915192e-02
   5.0000000e-01  -4.6653096e-02  -1.7985789e-02
   5.0000000e-01  -4.7003458e-02  -1.7049193e-02
   5.0000000e-01  -4.7335018e-02  -1.6105776e-02
   5.0000000e-01  -4.7647646e-02  -1.5155918e-02
   5.0000000e-01  -4.7941215e-02  -1.4199998e-02
   5.0000000e-01  -4.8215608e-02  -1.3238397e-02
   5.0000000e-01  -4.8470715e-02  -1.2271502e-02
   5.0000000e-01  -4.8706435e-02  -1.1299698e-02
   5.0000000e-01  -4.8922673e-02  -1.0323374e-02
   5.0000000e-01  -4.9119343e-02  -9.3429216e-03
   5.0000000e-01  -4.9296365e-02  -8.3587317e-03
   5.0000000e-01  -4.9453670e-02  -7.3711984e-03
   5.0000000e-01  -4.9591193e-02  -6.3807168e-03
   5.0000000e-01  -4.9708881e-02  -5.3876829e-03
   5.0000000e-01  -4.9806686e-02  -4.3924941e-03
   5.0000000e-01  -4.9884569e-02  -3.3955483e-03
   5.0000000e-01  -4.9942499e-02  -2.3972443e-03
   5.0000000e-01  -4.9980453e-02  -1.3979815e-03
   5.0000000e-01  -4.9998415e-02  -3.9815950e-04
   5.0000000e-01  -4.9996378e-02   6.0182176e-04
   5.0000000e-01  -4.9974343e-02   1.6015623e-03
   5.0000000e-01  -4.9932320e-02   2.6006622e-03
   5.0000000e-01  -4.9870324e-02   3.5987219e-03
   5.0000000e-01  -4.9788380e-02   4.5953422e-03
   5.0000000e-01  -4.9686522e-02   5.5901244e-03
   5.0000000e-01  -4.9564790e-02   6.5826706e-03
   5.0000000e-01  -4.9423233e-02   7.5725838e-03
   5.0000000e-01  -4.9261907e-02   8.5594681e-03
   5.0000000e-01  -4.9080877e-02   9.5429288e-03
   5.0000000e-01  -4.8880216e-02   1.0522572e-02
   5.0000000e-01  -4.8660002e-02   1.1498007e-02
   5.0000000e-01  -4.8420326e-02   1.2468843e-02
   5.0000000e-01  -4.8161282e-02   1.3434691e-02
   5.0000000e-01  -4.7882974e-02   1.4395166e-02
   5.0000000e-01  -4.7585514e-02   1.5349882e-02
   5.0000000e-01  -4.7269020e-02   1.6298459e-02
   5.0000000e-01  -4.6933619e-02   1.7240517e-02
   5.0000000e-01  -4.6579445e-02   1.8175679e-02
   5.0000000e-01  -4.6206640e-02   1.9103571e-02
   5.0000000e-01  -4.5815353e-02   2.0023821e-02
   5.0000000e-01  -4.5405741e-02   2.0936063e-02
   5.0000000e-01  -4.4977966e-02   2.1839930e-02
   5.0000000e-01  -4.4532202e-02   2.2735061e-02
   5.0000000e-01  -4.4068625e-02   2.3621099e-02
   5.0000000e-01  -4.3587421e-02   2.4497689e-02
   5.0000000e-01  -4.3088782e-02   2.5364480e-02
   5.0000000e-01  -4.2572909e-02   2.6221125e-02
   5.0000000e-01  -4.2040007e-02   2.7067282e-02
   5.0000000e-01  -4.1490290e-02   2.7902613e-02
   5.0000000e-01  -4.0923977e-02   2.8726783e-02
   5.0000000e-01  -4.0341295e-02   2.9539463e-02
   5.0000000e-01  -3.9742477e-02   3.0340328e-02
   5.0000000e-01  -3.9127763e-02   3.1129056e-02
   5.0000000e-01  -3.8497398e-02   3.1905334e-02
   5.0000000e-01  -3.7851635e-02   3.2668850e-02
   5.0000000e-01  -3.7190731e-02   3.3419298e-02
   5.0000000e-01  -3.6514952e-02   3.4156380e-02
   5.0000000e-01  -3.5824567e-02   3.4879799e-02
   5.0000000e-01  -3.5119853e-02   3.5589267e-02
   5.0000000e-01  -3.4401091e-02   3.6284500e-02
   5.0000000e-01  -3.3668570e-02   3.6965219e-02
   5.0000000e-01  -3.2922581e-02   3.7631153e-02
   5.0000000e-01  -3.2163424e-02   3.8282034e-02
   5.0000000e-01  -3.1391402e-02   3.8917604e-02
   5.0000000e-01  -3.0606824e-02   3.9537607e-02
   5.0000000e-01  -2.9810003e-02   4.0141795e-02
   5.0000000e-01  -2.9001259e-02   4.0729927e-02
   5.0000000e-01  -2.8180915e-02   4.1301768e-02
   5.0000000e-01  -2.7349298e-02   4.1857089e-02
   5.0000000e-01  -2.6506743e-02   4.2395667e-02
   5.0000000e-01  -2.5653585e-02   4.2917288e-02
   5.0000000e-01  -2.4790166e-02   4.3421742e-02
   5.0000000e-01  -2.3916831e-02   4.3908828e-02
   5.0000000e-01  -2.3033930e-02   4.4378352e-02
   5.0000000e-01  -2.2141815e-02   4.4830124e-02
   5.0000000e-01  -2.1240844e-02   4.5263965e-02
   5.0000000e-01  -2.0331377e-02   4.5679701e-02
   5.0000000e-01  -1.9413778e-02   4.6077166e-02
   5.0000000e-01  -1.8488413e-02   4.6456201e-02
   5.0000000e-01  -1.7555654e-02   4.6816653e-02
   5.0000000e-01  -1.6615872e-02   4.7158380e-02
   5.0000000e-01  -1.5669444e-02   4.7481244e-02
   5.0000000e-01  -1.4716749e-02   4.7785116e-02
   5.0000000e-01  -1.3758167e-02   4.8069874e-02
   5.0000000e-01  -1.2794082e-02   4.8335406e-02
   5.0000000e-01  -1.1824880e-02   4.8581604e-02
   5.0000000e-01  -1.0850948e-02   4.8808370e-02
   5.0000000e-01  -9.8726752e-03   4.9015613e-02
   5.0000000e-01  -8.8904539e-03   4.9203250e-02
   5.0000000e-01  -7.9046764e-03   4.9371207e-02
   5.0000000e-01  -6.9157372e-03   4.9519416e-02
   5.0000000e-01  -5.9240318e-03   4.9647818e-02
   5.0000000e-01  -4.9299569e-03   4.9756362e-02
   5.0000000e-01  -3.9339101e-03   4.9845003e-02
   5.0000000e-01  -2.9362897e-03   4.9913708e-02
   5.0000000e-01  -1.9374949e-03   4.9962447e-02
   5.0000000e-01  -9.3792505e-04   4.9991202e-02
   5.0000000e-01   6.2019918e-05   4.9999962e-02
   5.0000000e-01   1.0619401e-03   4.9988722e-02
   5.0000000e-01   2.0614355e-03   4.9957487e-02
   5.0000000e-01   3.0601063e-03   4.9906270e-02
   5.0000000e-01   4.0575532e-03   4.9835091e-02
   5.0000000e-01   5.0533771e-03   4.9743978e-02
   5.0000000e-01   6.0471797e-03   4.9632969e-02
   5.0000000e-01   7.0385635e-03   4.9502107e-02
   5.0000000e-01   8.0271320e-03   4.9351445e-02
   5.0000000e-01   9.0124897e-03   4.9181043e-02
   5.0000000e-01   9.9942425e-03   4.8990970e-02
   5.0000000e-01   1.0971998e-02   4.8781300e-02
   5.0000000e-01   1.1945364e-02   4.8552119e-02
   5.0000000e-01   1.2913953e-02   4.8303518e-02
   5.0000000e-01   1.3877376e-02   4.8035595e-02
   5.0000000e-01   1.4835249e-02   4.7748460e-02
   5.0000000e-01   1.5787187e-02   4.7442225e-02
   5.0000000e-01   1.6732811e-02   4.7117014e-02
   5.0000000e-01   1.7671742e-02   4.6772957e-02
   5.0000000e-01   1.8603605e-02   4.6410192e-02
   5.0000000e-01   1.9528026e-02   4.6028863e-02
   5.0000000e-01   2.0444637e-02   4.5629123e-02
   5.0000000e-01   2.1353069e-02   4.5211132e-02
   5.0000000e-01   2.2252961e-02   4.4775057e-02
   5.0000000e-01   2.3143952e-02   4.4321073e-02
   5.0000000e-01   2.4025686e-02   4.3849360e-02
   5.0000000e-01   2.4897810e-02   4.3360109e-02
   5.0000000e-01   2.5759975e-02   4.2853514e-02
   5.0000000e-01   2.6611836e-02   4.2329779e-02
   5.0000000e-01   2.7453053e-02   4.1789112e-02
   5.0000000e-01   2.8283289e-02   4.1231730e-02
   5.0000000e-01   2.9102212e-02   4.0657856e-02
   5.0000000e-01   2.9909495e-02   4.0067719e-02
   5.0000000e-01   3.0704814e-02   3.9461556e-02
   5.0000000e-01   3.1487852e-02   3.8839608e-02
   5.0000000e-01   3.2258295e-02   3.8202126e-02
   5.0000000e-01   3.3015835e-02   3.7549363e-02
   5.0000000e-01   3.3760169e-02   3.6881580e-02
   5.0000000e-01   3.4491000e-02   3.6199046e-02
   5.0000000e-01   3.5208035e-02   3.5502032e-02
   5.0000000e-01   3.5910987e-02   3.4790818e-02
   5.0000000e-01   3.6599575e-02   3.4065689e-02
   5.0000000e-01   3.7273523e-02   3.3326933e-02
   5.0000000e-01   3.7932563e-02   3.2574847e-02
   5.0000000e-01   3.8576430e-02   3.1809732e-02
   5.0000000e-01   3.9204868e-02   3.1031893e-02
   5.0000000e-01   3.9817623e-02   3.0241641e-02
   5.0000000e-01   4.0414453e-02   2.9439294e-02
   5.0000000e-01   4.0995117e-02   2.8625171e-02
   5.0000000e-01   4.1559383e-02   2.7799599e-02
   5.0000000e-01   4.2107026e-02   2.6962907e-02
   5.0000000e-01   4.2637827e-02   2.6115430e-02
   5.0000000e-01   4.3151574e-02   2.5257507e-02
   5.0000000e-01   4.3648060e-02   2.4389482e-02
   5.0000000e-01   4.4127088e-02   2.3511701e-02
   5.0000000e-01   4.4588466e-02   2.2624516e-02
   5.0000000e-01   4.5032008e-02   2.1728281e-02
   5.0000000e-01   4.5457539e-02   2.0823356e-02
   5.0000000e-01   4.5864887e-02   1.9910101e-02
   5.0000000e-01   4.6253890e-02   1.8988883e-02
   5.0000000e-01   4.6624392e-02   1.8060069e-02
   5.0000000e-01   4.6976245e-02   1.7124031e-02
   5.0000000e-01   4.7309307e-02   1.6181144e-02
   5.0000000e-01   4.7623447e-02   1.5231785e-02
   5.0000000e-01   4.7918538e-02   1.4276333e-02
   5.0000000e-01   4.8194462e-02   1.3315171e-02
   5.0000000e-01   4.8451110e-02   1.2348683e-02
   5.0000000e-01   4.8688377e-02   1.1377256e-02
   5.0000000e-01   4.8906169e-02   1.0401278e-02
   5.0000000e-01   4.9104400e-02   9.4211398e-03
   5.0000000e-01   4.9282990e-02   8.4372331e-03
   5.0000000e-01   4.9441867e-02   7.4499516e-03
   5.0000000e-01   4.9580968e-02   6.4596903e-03
   5.0000000e-01   4.9700237e-02   5.4668451e-03
   5.0000000e-01   4.9799627e-02   4.4718133e-03
   5.0000000e-01   4.9879098e-02   3.4749928e-03
   5.0000000e-01   4.9938618e-02   2.4767824e-03
   5.0000000e-01   4.9978163e-02   1.4775813e-03
   5.0000000e-01   4.9997717e-02   4.7778915e-04
   5.0000000e-01   4.9997273e-02  -5.2219408e-04
   5.0000000e-01   4.9976831e-02  -1.5219684e-03
   5.0000000e-01   4.9936398e-02  -2.5211340e-03
   5.0000000e-01   4.9875992e-02  -3.5192912e-03
   5.0000000e-01   4.9795636e-02  -4.5160407e-03
   5.0000000e-01   4.9695363e-02  -5.5109839e-03
   5.0000000e-01   4.9575211e-02  -6.5037227e-03
   5.0000000e-01   4.9435231e-02  -7.4938601e-03
   5.0000000e-01   4.9275477e-02  -8.4810001e-03
   5.0000000e-01   4.9096014e-02  -9.4647478e-03
   5.0000000e-01   4.8896912e-02  -1.0444710e-02
   5.0000000e-01   4.8678253e-02  -1.1420494e-02
   5.0000000e-01   4.8440123e-02  -1.2391710e-02
   5.0000000e-01   4.8182618e-02  -1.3357970e-02
   5.0000000e-01   4.7905840e-02  -1.4318886e-02
   5.0000000e-01   4.7609900e-02  -1.5274076e-02
   5.0000000e-01   4.7294918e-02  -1.6223155e-02
   5.0000000e-01   4.6961017e-02  -1.7165746e-02
   5.0000000e-01   4.6608334e-02  -1.8101471e-02
   5.0000000e-01   4.6237007e-02  -1.9029955e-02
   5.0000000e-01   4.5847186e-02  -1.9950828e-02
   5.0000000e-01   4.5439027e-02  -2.0863720e-02
   5.0000000e-01   4.5012693e-02  -2.1768268e-02
   5.0000000e-01   4.4568354e-02  -2.2664108e-02
   5.0000000e-01   4.4106189e-02  -2.3550883e-02
   5.0000000e-01   4.3626382e-02  -2.4428238e-02
   5.0000000e-01   4.3129125e-02  -2.5295822e-02
   5.0000000e-01   4.2614616e-02  -2.6153288e-02
   5.0000000e-01   4.2083063e-02  -2.7000293e-02
   5.0000000e-01   4.1534677e-02  -2.7836498e-02
   5.0000000e-01   4.0969677e-02  -2.8661569e-02
   5.0000000e-01   4.0388290e-02  -2.9475176e-02
   5.0000000e-01   3.9790749e-02  -3.0276993e-02
   5.0000000e-01   3.9177291e-02  -3.1066700e-02
   5.0000000e-01   3.8548164e-02  -3.1843980e-02
   5.0000000e-01   3.7903617e-02  -3.2608524e-02
   5.0000000e-01   3.7243910e-02  -3.3360024e-02
   5.0000000e-01   3.6569305e-02  -3.4098181e-02
   5.0000000e-01   3.5880073e-02  -3.4822699e-02
   5.0000000e-01   3.5176490e-02  -3.5533288e-02
   5.0000000e-01   3.4458836e-02  -3.6229664e-02
   5.0000000e-01   3.3727400e-02  -3.6911550e-02
   5.0000000e-01   3.2982473e-02  -3.7578671e-02
   5.0000000e-01   3.2224353e-02  -3.8230761e-02
   5.0000000e-01   3.1453344e-02  -3.8867559e-02
   5.0000000e-01   3.0669755e-02  -3.9488810e-02
   5.0000000e-01   2.9873897e-02  -4.0094267e-02
   5.0000000e-01   2.9066091e-02  -4.0683687e-02
   5.0000000e-01   2.8246658e-02  -4.1256833e-02
   5.0000000e-01   2.7415928e-02  -4.1813478e-02
   5.0000000e-01   2.6574231e-02  -4.2353397e-02
   5.0000000e-01   2.5721905e-02  -4.2876376e-02
   5.0000000e-01   2.4859290e-02  -4.3382205e-02
   5.0000000e-01   2.3986732e-02  -4.3870681e-02
   5.0000000e-01   2.3104580e-02  -4.4341610e-02
   5.0000000e-01   2.2213186e-02  -4.4794803e-02
   5.0000000e-01   2.1312907e-02  -4.5230078e-02
