x, y, z
2.9947337e-01,  0.0000000e+00,  1.2288572e-02
2.4424333e-01,  0.0000000e+00, -2.9620967e-02
1.9744232e-01, -1.0842022e-19, -5.2565839e-03
2.2380962e-01,  0.0000000e+00,  2.9295002e-02
3.0511081e-01,  0.0000000e+00,  2.1734296e-03
2.2860424e-01, -5.4210109e-20, -2.9505004e-02
1.9771632e-01,  0.0000000e+00,  2.8459790e-03
2.3973759e-01,  0.0000000e+00,  2.9632532e-02
3.0154714e-01,  0.0000000e+00, -9.8724526e-03
2.1654150e-01,  5.4210109e-20, -2.8209691e-02
1.9750714e-01, -5.4210109e-20,  9.3977067e-03
2.5267341e-01, -1.3552527e-20,  2.9037695e-02
2.9369308e-01,  0.0000000e+00, -1.6267242e-02
2.1057184e-01,  0.0000000e+00, -2.5211480e-02
2.0000218e-01, -2.7105054e-20,  1.4344846e-02
2.6558854e-01,  1.6940659e-21,  2.6355312e-02
2.8003928e-01,  0.0000000e+00, -2.1688834e-02
2.0494700e-01,  0.0000000e+00, -1.9349749e-02
2.0617441e-01, -1.0842022e-19,  2.0602675e-02
2.8325368e-01,  0.0000000e+00,  2.0524648e-02
2.6266205e-01,  0.0000000e+00, -2.7103588e-02
1.9924827e-01,  0.0000000e+00, -1.3309303e-02
2.1161633e-01, -1.0842022e-19,  2.5984166e-02
2.9551599e-01,  0.0000000e+00,  1.5201224e-02
2.5029734e-01,  0.0000000e+00, -2.9256382e-02
1.9743330e-01,  0.0000000e+00, -8.2619412e-03
2.1843042e-01,  5.4210109e-20,  2.8589053e-02
3.0291297e-01,  0.0000000e+00,  7.7760416e-03
2.3625809e-01,  1.0842022e-19, -2.9591488e-02
1.9788029e-01,  1.3552527e-20, -9.9949556e-04
2.3233690e-01,  0.0000000e+00,  2.9554963e-02
3.0425155e-01,  0.0000000e+00, -5.0960866e-03
2.2092602e-01, -6.7762636e-21, -2.8992245e-02
1.9738258e-01,  0.0000000e+00,  6.8173857e-03
2.4731701e-01,  0.0000000e+00,  2.9485306e-02
2.9763536e-01,  0.0000000e+00, -1.3805476e-02
2.1295805e-01,  0.0000000e+00, -2.6877131e-02
1.9838904e-01,  0.0000000e+00,  1.2026682e-02
2.5905369e-01,  0.0000000e+00,  2.7968331e-02
2.8736685e-01,  6.7762636e-21, -1.9030297e-02
2.0773908e-01,  1.0842022e-19, -2.2369416e-02
2.0305130e-01,  0.0000000e+00,  1.7564729e-02
2.7501953e-01,  0.0000000e+00,  2.3466721e-02
2.7035825e-01,  0.0000000e+00, -2.4990707e-02
2.0142338e-01,  5.4210109e-20, -1.5988771e-02
2.0905792e-01,  0.0000000e+00,  2.3844449e-02
2.9060283e-01,  0.0000000e+00,  1.7762935e-02
2.5609604e-01,  1.0842022e-19, -2.8573594e-02
1.9782242e-01,  0.0000000e+00, -1.0907021e-02
2.1429155e-01,  0.0000000e+00,  2.7549055e-02
2.9938370e-01, -1.0842022e-19,  1.2374740e-02
2.4441371e-01,  0.0000000e+00, -2.9617003e-02
1.9743476e-01,  0.0000000e+00, -5.3457057e-03
2.2363892e-01,  0.0000000e+00,  2.9281988e-02
3.0508041e-01,  0.0000000e+00,  2.3408891e-03
2.2880579e-01,  0.0000000e+00, -2.9509341e-02
1.9772706e-01,  0.0000000e+00,  2.7466442e-03
2.3955263e-01,  0.0000000e+00,  2.9630809e-02
3.0162406e-01,  0.0000000e+00, -9.7665214e-03
2.1663663e-01,  0.0000000e+00, -2.8231087e-02
1.9750147e-01,  5.4210109e-20,  9.3390834e-03
2.5254837e-01,  1.0842022e-19,  2.9050595e-02
2.9379369e-01,  0.0000000e+00, -1.6211999e-02
2.1062639e-01,  1.0842022e-19, -2.5254466e-02
1.9995967e-01,  0.0000000e+00,  1.4289222e-02
2.6542999e-01,  5.4210109e-20,  2.6397151e-02
2.8021043e-01,  0.0000000e+00, -2.1627112e-02
2.0501237e-01,  0.0000000e+00, -1.9413681e-02
2.0611467e-01,  1.0842022e-19,  2.0538788e-02
2.8309667e-01,  0.0000000e+00,  2.0581576e-02
2.6280283e-01, -2.7105054e-20, -2.7068685e-02
1.9928331e-01,  1.6940659e-21, -1.3359182e-02
2.1156477e-01,  1.0842022e-19,  2.5948113e-02
2.9543096e-01,  0.0000000e+00,  1.5254004e-02
2.5041287e-01,  0.0000000e+00, -2.9246701e-02
1.9743587e-01,  0.0000000e+00, -8.3178849e-03
2.1833558e-01,  0.0000000e+00,  2.8571831e-02
3.0285253e-01,  0.0000000e+00,  7.8804298e-03
2.3642199e-01, -1.0842022e-19, -2.9593559e-02
1.9787499e-01, -2.7105054e-20, -1.0854095e-03
2.3216416e-01,  0.0000000e+00,  2.9553646e-02
3.0430324e-01,  0.0000000e+00, -4.9693789e-03
2.2104677e-01,  0.0000000e+00, -2.9008885e-02
1.9738184e-01,  8.4703295e-22,  6.7490913e-03
2.4717800e-01, -5.4210109e-20,  2.9494323e-02
2.9772808e-01,  0.0000000e+00, -1.3738619e-02
2.1302126e-01,  0.0000000e+00, -2.6915320e-02
1.9835345e-01, -1.0842022e-19,  1.1968616e-02
2.5889306e-01,  0.0000000e+00,  2.8004646e-02
2.8754944e-01,  0.0000000e+00, -1.8962351e-02
2.0781022e-01,  6.7762636e-21, -2.2451720e-02
2.0296024e-01,  2.7105054e-20,  1.7479793e-02
2.7477126e-01, -1.0842022e-19,  2.3551661e-02
2.7060026e-01,  0.0000000e+00, -2.4915762e-02
2.0150286e-01,  0.0000000e+00, -1.6070482e-02
2.0898797e-01,  0.0000000e+00,  2.3771344e-02
2.9044310e-01,  0.0000000e+00,  1.7830668e-02
2.5625253e-01,  0.0000000e+00, -2.8545921e-02
1.9784632e-01,  5.4210109e-20, -1.0970070e-02
2.1420837e-01,  0.0000000e+00,  2.7515501e-02
2.9928799e-01,  0.0000000e+00,  1.2465313e-02
2.4459274e-01, -1.0842022e-19, -2.9612494e-02
1.9742722e-01, -1.0842022e-19, -5.4394718e-03
2.2345922e-01,  1.0842022e-19,  2.9267868e-02
3.0504600e-01,  0.0000000e+00,  2.5172991e-03
2.2901872e-01,  0.0000000e+00, -2.9513780e-02
1.9773854e-01,  0.0000000e+00,  2.6412269e-03
2.3935542e-01, -1.0842022e-19,  2.9628961e-02
3.0170560e-01, -1.0842022e-19, -9.6533016e-03
2.1673803e-01,  0.0000000e+00, -2.8253725e-02
1.9749560e-01,  0.0000000e+00,  9.2765615e-03
2.5241547e-01,  0.0000000e+00,  2.9064188e-02
2.9390030e-01, -2.7105054e-20, -1.6153085e-02
2.1068456e-01,  0.0000000e+00, -2.5300037e-02
1.9991469e-01,  0.0000000e+00,  1.4230046e-02
2.6526183e-01,  0.0000000e+00,  2.6441506e-02
2.8039212e-01,  0.0000000e+00, -2.1561317e-02
2.0508200e-01,  0.0000000e+00, -1.9482239e-02
2.0605018e-01,  0.0000000e+00,  2.0470310e-02
2.8292676e-01,  5.4210109e-20,  2.0643028e-02
2.6295449e-01,  0.0000000e+00, -2.7030935e-02
1.9932095e-01,  0.0000000e+00, -1.3413198e-02
2.1150909e-01,  0.0000000e+00,  2.5909025e-02
2.9533770e-01,  5.4210109e-20,  1.5311202e-02
2.5053885e-01,  0.0000000e+00, -2.9236181e-02
1.9743851e-01,  0.0000000e+00, -8.3786986e-03
2.1823266e-01,  0.0000000e+00,  2.8553012e-02
3.0278575e-01, -6.7762636e-21,  7.9940616e-03
2.3660181e-01,  0.0000000e+00, -2.9595892e-02
1.9786891e-01,  0.0000000e+00, -1.1797193e-03
2.3197422e-01,  0.0000000e+00,  2.9552190e-02
3.0435911e-01,  0.0000000e+00, -4.8291191e-03
2.2118102e-01,  5.4210109e-20, -2.9027011e-02
1.9738107e-01,  0.0000000e+00,  6.6734999e-03
2.4702495e-01, -1.6940659e-21,  2.9504046e-02
2.9783041e-01,  0.0000000e+00, -1.3664542e-02
2.1309133e-01, -1.0842022e-19, -2.6957021e-02
1.9831476e-01,  0.0000000e+00,  1.1904749e-02
2.5871666e-01,  0.0000000e+00,  2.8044215e-02
2.8774976e-01,  0.0000000e+00, -1.8887659e-02
2.0788785e-01,  0.0000000e+00, -2.2542211e-02
2.0285990e-01,  0.0000000e+00,  1.7386184e-02
2.7449675e-01,  0.0000000e+00,  2.3645143e-02
2.7086858e-01,  1.0842022e-19, -2.4832104e-02
2.0159164e-01, -5.4210109e-20, -1.6161000e-02
2.0891089e-01, -1.0842022e-19,  2.3689853e-02
2.9026428e-01,  0.0000000e+00,  1.7905294e-02
2.5642501e-01,  0.0000000e+00, -2.8514784e-02
1.9787350e-01,  0.0000000e+00, -1.1038998e-02
2.1411881e-01,  0.0000000e+00,  2.7478197e-02
2.9918198e-01,  0.0000000e+00,  1.2562912e-02
2.4478677e-01,  0.0000000e+00, -2.9607147e-02
1.9741974e-01,  0.0000000e+00, -5.5405424e-03
2.2326655e-01,  5.4210109e-20,  2.9252050e-02
3.0500621e-01,  0.0000000e+00,  2.7076257e-03
2.2925062e-01, -5.4210109e-20, -2.9518312e-02
1.9775097e-01,  0.0000000e+00,  2.5265939e-03
2.3914092e-01, -1.0842022e-19,  2.9626867e-02
3.0179394e-01, -1.0842022e-19, -9.5292498e-03
2.1684891e-01,  0.0000000e+00, -2.8278265e-02
1.9748938e-01,  0.0000000e+00,  9.2082390e-03
2.5227077e-01,  1.0842022e-19,  2.9078817e-02
2.9401534e-01,  0.0000000e+00, -1.6088731e-02
2.1074809e-01,  0.0000000e+00, -2.5349448e-02
1.9986590e-01,  6.7762636e-21,  1.4165635e-02
2.6507928e-01,  0.0000000e+00,  2.6489591e-02
2.8059080e-01,  5.4210109e-20, -2.1489511e-02
2.0515796e-01,  0.0000000e+00, -1.9557463e-02
2.0597899e-01, -1.0842022e-19,  2.0395203e-02
2.8273991e-01,  1.0842022e-19,  2.0710854e-02
2.6312291e-01,  0.0000000e+00, -2.6989097e-02
1.9936262e-01,  0.0000000e+00, -1.3472999e-02
2.1144755e-01,  0.0000000e+00,  2.5865646e-02
2.9523430e-01,  0.0000000e+00,  1.5374503e-02
2.5067832e-01,  0.0000000e+00, -2.9224476e-02
1.9744144e-01, -2.7105054e-20, -8.4461744e-03
2.1811781e-01,  0.0000000e+00,  2.8532084e-02
3.0270996e-01,  0.0000000e+00,  8.1202316e-03
2.3680296e-01, -2.7105054e-20, -2.9598547e-02
1.9786177e-01,  0.0000000e+00, -1.2853560e-03
2.3176152e-01,  0.0000000e+00,  2.9550494e-02
3.0442020e-01,  1.0842022e-19, -4.6706164e-03
2.2133359e-01,  0.0000000e+00, -2.9047043e-02
1.9738053e-01,  0.0000000e+00,  6.5881329e-03
2.4685167e-01, -1.0842022e-19,  2.9514719e-02
2.9794342e-01, -2.7105054e-20, -1.3580909e-02
2.1317038e-01,  0.0000000e+00, -2.7003268e-02
1.9827225e-01,  0.0000000e+00,  1.1833301e-02
2.5852055e-01, -1.0842022e-19,  2.8087898e-02
2.8797274e-01,  0.0000000e+00, -1.8804247e-02
2.0797487e-01,  0.0000000e+00, -2.2643094e-02
2.0274809e-01,  0.0000000e+00,  1.7281426e-02
2.7418858e-01,  1.0842022e-19,  2.3749527e-02
2.7117062e-01,  0.0000000e+00, -2.4737193e-02
2.0169260e-01,  0.0000000e+00, -1.6262846e-02
2.0882487e-01, -1.0842022e-19,  2.3597539e-02
2.9006219e-01,  0.0000000e+00,  1.7988722e-02
2.5661849e-01, -6.7762636e-21, -2.8479131e-02
1.9790502e-01,  0.0000000e+00, -1.1115426e-02
2.1402110e-01,  0.0000000e+00,  2.7436063e-02
2.9906429e-01,  0.0000000e+00,  1.2669314e-02
2.4499952e-01,  0.0000000e+00, -2.9600683e-02
1.9741188e-01,  1.3552527e-20, -5.6507354e-03
2.2305797e-01,  0.0000000e+00,  2.9234042e-02
3.0495992e-01, -6.7762636e-21,  2.9151791e-03
2.2950607e-01, -1.3552527e-20, -2.9522947e-02
1.9776404e-01,  0.0000000e+00,  2.4005210e-03
2.3890489e-01, -1.0842022e-19,  2.9624461e-02
3.0189006e-01,  0.0000000e+00, -9.3916881e-03
2.1697219e-01,  0.0000000e+00, -2.8305029e-02
1.9748287e-01,  0.0000000e+00,  9.1327184e-03
2.5211057e-01, -5.4210109e-20,  2.9094726e-02
2.9414199e-01, -1.0842022e-19, -1.6017635e-02
2.1081818e-01,  0.0000000e+00, -2.5403523e-02
1.9981251e-01, -6.7762636e-21,  1.4094817e-02
2.6487773e-01, -5.4210109e-20,  2.6542224e-02
2.8080978e-01,  1.0842022e-19, -2.1410392e-02
2.0524171e-01,  0.0000000e+00, -1.9640780e-02
2.0589976e-01,  0.0000000e+00,  2.0311995e-02
2.8253191e-01,  0.0000000e+00,  2.0786447e-02
2.6331058e-01,  2.7105054e-20, -2.6942249e-02
1.9940946e-01,  1.0842022e-19, -1.3539814e-02
2.1137887e-01,  0.0000000e+00,  2.5817012e-02
2.9511904e-01,  1.0842022e-19,  1.5445074e-02
2.5083403e-01,  5.4210109e-20, -2.9211303e-02
1.9744478e-01,  0.0000000e+00, -8.5215599e-03
2.1799010e-01,  5.4210109e-20,  2.8508452e-02
3.0262454e-01,  5.4210109e-20,  8.2611577e-03
2.3702926e-01,  1.0842022e-19, -2.9601559e-02
1.9785362e-01,  1.0842022e-19, -1.4044645e-03
2.3152154e-01,  0.0000000e+00,  2.9548466e-02
3.0448703e-01,  0.0000000e+00, -4.4901857e-03
2.2150789e-01,  2.1684043e-19, -2.9069244e-02
1.9738050e-01,  5.4210109e-20,  6.4910790e-03
2.4665587e-01,  0.0000000e+00,  2.9526323e-02
2.9806991e-01,  0.0000000e+00, -1.3485868e-02
2.1326016e-01, -5.4210109e-20, -2.7054593e-02
1.9822558e-01,  0.0000000e+00,  1.1753120e-02
2.5830127e-01,  0.0000000e+00,  2.8136101e-02
2.8822058e-01,  0.0000000e+00, -1.8710924e-02
2.0807249e-01,  1.0842022e-19, -2.2755588e-02
2.0262335e-01,  1.0842022e-19,  1.7164033e-02
2.7384240e-01,  0.0000000e+00,  2.3866062e-02
2.7151121e-01,  0.0000000e+00, -2.4629249e-02
2.0180765e-01,  0.0000000e+00, -1.6377583e-02
2.0872770e-01,  2.7105054e-20,  2.3492832e-02
2.8983326e-01,  5.4210109e-20,  1.8082088e-02
2.5683446e-01,  0.0000000e+00, -2.8438203e-02
1.9794178e-01, -2.7105054e-20, -1.1200174e-02
2.1391460e-01,  0.0000000e+00,  2.7388399e-02
2.9893356e-01,  0.0000000e+00,  1.2785043e-02
2.4523126e-01, -1.0842022e-19, -2.9592890e-02
1.9740390e-01,  0.0000000e+00, -5.7705118e-03
2.2283237e-01,  0.0000000e+00,  2.9213588e-02
3.0490426e-01,  1.0842022e-19,  3.1407173e-03
2.2978595e-01,  0.0000000e+00, -2.9527654e-02
1.9777767e-01,  0.0000000e+00,  2.2622450e-03
2.3864582e-01,  0.0000000e+00,  2.9621678e-02
3.0199480e-01,  0.0000000e+00, -9.2394369e-03
2.1710913e-01,  0.0000000e+00, -2.8334079e-02
1.9747614e-01,  0.0000000e+00,  9.0494518e-03
2.5193529e-01,  1.3552527e-20,  2.9111849e-02
2.9428049e-01,  0.0000000e+00, -1.5939322e-02
2.1089530e-01,  0.0000000e+00, -2.5462400e-02
1.9975455e-01,  0.0000000e+00,  1.4017297e-02
2.6465764e-01, -5.4210109e-20,  2.6599446e-02
2.8104999e-01,  1.0842022e-19, -2.1323609e-02
2.0533368e-01,  0.0000000e+00, -1.9732652e-02
2.0581163e-01,  0.0000000e+00,  2.0220232e-02
2.8230114e-01,  0.0000000e+00,  2.0870332e-02
2.6351928e-01,  0.0000000e+00, -2.6889918e-02
1.9946180e-01,  0.0000000e+00, -1.3614114e-02
2.1130275e-01, -5.4210109e-20,  2.5762691e-02
2.9498987e-01,  0.0000000e+00,  1.5523253e-02
2.5100765e-01, -6.7762636e-21, -2.9196463e-02
1.9744857e-01,  0.0000000e+00, -8.6051712e-03
2.1784925e-01,  0.0000000e+00,  2.8481888e-02
3.0252861e-01,  0.0000000e+00,  8.4172792e-03
2.3728137e-01,  1.0842022e-19, -2.9604949e-02
1.9784286e-01,  0.0000000e+00, -1.5377699e-03
2.3125184e-01,  0.0000000e+00,  2.9546064e-02
3.0455938e-01,  0.0000000e+00, -4.2861818e-03
2.2170516e-01,  1.0842022e-19, -2.9093605e-02
1.9738135e-01,  0.0000000e+00,  6.3815419e-03
2.4643629e-01, -1.0842022e-19,  2.9538688e-02
2.9821005e-01,  0.0000000e+00, -1.3378750e-02
2.1336103e-01,  0.0000000e+00, -2.7110773e-02
1.9817522e-01,  0.0000000e+00,  1.1664144e-02
2.5805933e-01,  0.0000000e+00,  2.8188467e-02
2.8849229e-01,  1.0842022e-19, -1.8607838e-02
2.0818033e-01,  2.7105054e-20, -2.2879261e-02
2.0248659e-01,  0.0000000e+00,  1.7034254e-02
2.7345924e-01, -5.4210109e-20,  2.3994245e-02
2.7189056e-01,  0.0000000e+00, -2.4508013e-02
2.0193743e-01, -1.0842022e-19, -1.6505151e-02
2.0862032e-01,  0.0000000e+00,  2.3375454e-02
2.8957694e-01,  0.0000000e+00,  1.8185222e-02
2.5707385e-01, -1.0842022e-19, -2.8391717e-02
1.9798413e-01,  0.0000000e+00, -1.1292866e-02
2.1380022e-01, -3.3881318e-21,  2.7335140e-02
2.9879009e-01,  0.0000000e+00,  1.2908912e-02
2.4548039e-01,  0.0000000e+00, -2.9583599e-02
1.9739689e-01,  0.0000000e+00, -5.8985198e-03
2.2259254e-01,  0.0000000e+00,  2.9190672e-02
3.0484050e-01, -5.4210109e-20,  3.3815580e-03
2.3008767e-01, -1.0842022e-19, -2.9532292e-02
1.9779286e-01,  0.0000000e+00,  2.1130553e-03
2.3836602e-01,  0.0000000e+00,  2.9618516e-02
3.0210663e-01, -1.0842022e-19, -9.0735602e-03
2.1725806e-01,  0.0000000e+00, -2.8365143e-02
1.9746937e-01, -5.4210109e-20,  8.9591188e-03
2.5174495e-01,  0.0000000e+00,  2.9129994e-02
2.9442826e-01,  0.0000000e+00, -1.5854512e-02
2.1097868e-01, -1.0842022e-19, -2.5525319e-02
1.9969268e-01,  0.0000000e+00,  1.3933909e-02
2.6442147e-01, -1.0842022e-19,  2.6660511e-02
2.8130852e-01,  1.0842022e-19, -2.1230106e-02
2.0543242e-01,  0.0000000e+00, -1.9832202e-02
2.0571492e-01,  0.0000000e+00,  2.0120834e-02
2.8204929e-01,  0.0000000e+00,  2.0961788e-02
2.6374772e-01,  0.0000000e+00, -2.6832390e-02
1.9951956e-01,  0.0000000e+00, -1.3695250e-02
2.1121988e-01, -5.4210109e-20,  2.5703042e-02
2.9484786e-01,  0.0000000e+00,  1.5608180e-02
