x, y, z
2.0623536e-01,  0.0000000e+00,  2.0668698e-02
2.8341474e-01,  1.0842022e-19,  2.0466726e-02
2.6251918e-01,  0.0000000e+00, -2.7139357e-02
1.9921192e-01,  5.4210109e-20, -1.3259087e-02
2.1166677e-01,  0.0000000e+00,  2.6020829e-02
2.9560175e-01,  0.0000000e+00,  1.5148873e-02
2.5018260e-01,  0.0000000e+00, -2.9266374e-02
1.9742992e-01,  0.0000000e+00, -8.2071501e-03
2.1852338e-01,  0.0000000e+00,  2.8606081e-02
3.0297226e-01,  0.0000000e+00,  7.6747709e-03
2.3609948e-01,  5.4210109e-20, -2.9589851e-02
1.9788391e-01,  2.7105054e-20, -9.1712526e-04
2.3250108e-01,  0.0000000e+00,  2.9556526e-02
3.0420240e-01,  0.0000000e+00, -5.2161998e-03
2.2081112e-01,  0.0000000e+00, -2.8976675e-02
1.9738235e-01,  0.0000000e+00,  6.8817743e-03
2.4744738e-01,  0.0000000e+00,  2.9477022e-02
2.9754888e-01,  0.0000000e+00, -1.3868009e-02
2.1289829e-01,  0.0000000e+00, -2.6841765e-02
1.9842196e-01,  0.0000000e+00,  1.2080662e-02
2.5920241e-01,  0.0000000e+00,  2.7934786e-02
2.8719796e-01, -3.3881318e-21, -1.9093138e-02
2.0767349e-01,  0.0000000e+00, -2.2293911e-02
2.0313405e-01,  0.0000000e+00,  1.7642674e-02
2.7524607e-01,  1.3552527e-20,  2.3389137e-02
2.7013857e-01,  0.0000000e+00, -2.5058530e-02
2.0135135e-01, -1.0842022e-19, -1.5914723e-02
2.0912154e-01,  0.0000000e+00,  2.3910497e-02
2.9074738e-01,  0.0000000e+00,  1.7701574e-02
2.5595442e-01,  0.0000000e+00, -2.8598451e-02
1.9780121e-01,  0.0000000e+00, -1.0849901e-02
2.1436664e-01,  0.0000000e+00,  2.7579306e-02
2.9947048e-01,  0.0000000e+00,  1.2292314e-02
2.4425066e-01, -1.0842022e-19, -2.9621030e-02
1.9744181e-01, -1.0842022e-19, -5.2607453e-03
2.2380122e-01,  0.0000000e+00,  2.9294582e-02
3.0510967e-01,  0.0000000e+00,  2.1816956e-03
2.2861410e-01,  0.0000000e+00, -2.9505411e-02
1.9771621e-01, -5.4210109e-20,  2.8408945e-03
2.3972756e-01,  0.0000000e+00,  2.9632657e-02
3.0155192e-01,  0.0000000e+00, -9.8667643e-03
2.1654676e-01,  1.0842022e-19, -2.8211230e-02
1.9750630e-01, -1.0842022e-19,  9.3941642e-03
2.5266479e-01, -5.4210109e-20,  2.9038892e-02
2.9370088e-01,  0.0000000e+00, -1.6263506e-02
2.1057535e-01,  0.0000000e+00, -2.5215112e-02
1.9999805e-01,  0.0000000e+00,  1.4340522e-02
2.6557512e-01,  0.0000000e+00,  2.6359064e-02
2.8005458e-01,  0.0000000e+00, -2.1683713e-02
2.0495247e-01,  0.0000000e+00, -1.9355503e-02
2.0616891e-01,  1.0842022e-19,  2.0597102e-02
2.8323994e-01,  0.0000000e+00,  2.0530059e-02
2.6267587e-01, -1.0842022e-19, -2.7100554e-02
1.9925076e-01,  0.0000000e+00, -1.3314403e-02
2.1161018e-01,  0.0000000e+00,  2.5980820e-02
2.9550729e-01, -1.0842022e-19,  1.5207278e-02
2.5031070e-01,  2.7105054e-20, -2.9255618e-02
1.9743285e-01, -1.0842022e-19, -8.2688096e-03
2.1841834e-01, -1.0842022e-19,  2.8587200e-02
3.0290608e-01,  0.0000000e+00,  7.7895757e-03
2.3627938e-01,  0.0000000e+00, -2.9591984e-02
1.9787878e-01,  0.0000000e+00, -1.0108762e-03
2.3231325e-01,  0.0000000e+00,  2.9555028e-02
3.0425938e-01,  1.0842022e-19, -5.0789946e-03
2.2094196e-01, -5.4210109e-20, -2.8994843e-02
1.9738139e-01,  0.0000000e+00,  6.8078743e-03
2.4729733e-01,  0.0000000e+00,  2.9486893e-02
2.9764956e-01,  0.0000000e+00, -1.3795777e-02
2.1296704e-01,  2.7105054e-20, -2.6883353e-02
1.9838334e-01,  0.0000000e+00,  1.2017636e-02
2.5902827e-01,  0.0000000e+00,  2.7974418e-02
2.8739657e-01,  0.0000000e+00, -1.9019410e-02
2.0775018e-01, -2.7105054e-20, -2.2383161e-02
2.0303555e-01,  0.0000000e+00,  1.7550785e-02
2.7497816e-01,  0.0000000e+00,  2.3481052e-02
2.7039889e-01,  0.0000000e+00, -2.4978351e-02
2.0143636e-01,  0.0000000e+00, -1.6002658e-02
2.0904607e-01,  0.0000000e+00,  2.3832170e-02
2.9057592e-01, -1.0842022e-19,  1.7774814e-02
2.5612395e-01,  0.0000000e+00, -2.8569016e-02
1.9782616e-01,  0.0000000e+00, -1.0918441e-02
2.1427593e-01,  2.7105054e-20,  2.7543233e-02
2.9936676e-01,  0.0000000e+00,  1.2391874e-02
2.4444739e-01,  0.0000000e+00, -2.9616416e-02
1.9743351e-01,  0.0000000e+00, -5.3637125e-03
2.2360362e-01,  5.4210109e-20,  2.9279512e-02
3.0507414e-01,  0.0000000e+00,  2.3752074e-03
2.2884673e-01,  5.4210109e-20, -2.9510425e-02
1.9772907e-01,  0.0000000e+00,  2.7260024e-03
2.3951330e-01,  0.0000000e+00,  2.9630658e-02
3.0164100e-01, -1.0842022e-19, -9.7441527e-03
2.1665641e-01,  0.0000000e+00, -2.8235984e-02
1.9749978e-01,  1.0842022e-19,  9.3263513e-03
2.5252090e-01, -1.0842022e-19,  2.9053747e-02
2.9381755e-01,  0.0000000e+00, -1.6199611e-02
2.1063873e-01,  2.7105054e-20, -2.5264710e-02
1.9994889e-01,  5.4210109e-20,  1.4276257e-02
2.6539230e-01,  0.0000000e+00,  2.6407361e-02
2.8025150e-01,  2.7105054e-20, -2.1612409e-02
2.0502811e-01,  0.0000000e+00, -1.9429428e-02
2.0609999e-01,  0.0000000e+00,  2.0523185e-02
2.8305744e-01,  0.0000000e+00,  2.0595973e-02
2.6283818e-01,  5.4210109e-20, -2.7060140e-02
1.9929120e-01,  5.4210109e-20, -1.3372149e-02
2.1155103e-01,  0.0000000e+00,  2.5939007e-02
2.9540871e-01, -1.3552527e-20,  1.5268334e-02
2.5044466e-01,  0.0000000e+00, -2.9244374e-02
1.9743574e-01,  0.0000000e+00, -8.3335471e-03
2.1830828e-01,  0.0000000e+00,  2.8567274e-02
3.0283588e-01,  0.0000000e+00,  7.9103451e-03
2.3646965e-01,  1.0842022e-19, -2.9594372e-02
1.9787301e-01, -1.0842022e-19, -1.1104199e-03
2.3211367e-01,  0.0000000e+00,  2.9553444e-02
3.0431891e-01,  0.0000000e+00, -4.9319599e-03
2.2108298e-01,  0.0000000e+00, -2.9013998e-02
1.9738052e-01,  0.0000000e+00,  6.7286527e-03
2.4713583e-01,  0.0000000e+00,  2.9497288e-02
2.9775715e-01,  0.0000000e+00, -1.3718232e-02
2.1304077e-01,  1.3552527e-20, -2.6927406e-02
1.9834245e-01,  0.0000000e+00,  1.1950420e-02
2.5884205e-01,  0.0000000e+00,  2.8016339e-02
2.8760791e-01,  0.0000000e+00, -1.8940796e-02
2.0783217e-01, -5.4210109e-20, -2.2478359e-02
2.0293035e-01,  0.0000000e+00,  1.7452481e-02
2.7469080e-01,  3.3881318e-21,  2.3579287e-02
2.7067928e-01,  0.0000000e+00, -2.4891368e-02
2.0152876e-01,  0.0000000e+00, -1.6097282e-02
2.0896528e-01,  6.7762636e-21,  2.3747363e-02
2.9039016e-01,  1.3552527e-20,  1.7853129e-02
2.5630439e-01,  0.0000000e+00, -2.8536859e-02
1.9785395e-01,  0.0000000e+00, -1.0991173e-02
2.1418087e-01,  1.0842022e-19,  2.7504304e-02
2.9925535e-01, -2.7105054e-20,  1.2495934e-02
2.4465401e-01, -1.0842022e-19, -2.9611061e-02
1.9742453e-01,  0.0000000e+00, -5.4714480e-03
2.2339826e-01,  3.3881318e-21,  2.9263059e-02
3.0503383e-01,  0.0000000e+00,  2.5778951e-03
2.2909281e-01,  0.0000000e+00, -2.9515385e-02
1.9774276e-01,  1.6940659e-21,  2.6046404e-03
2.3928695e-01,  1.3552527e-20,  2.9628465e-02
3.0173460e-01, -1.0842022e-19, -9.6135814e-03
2.1677358e-01, -2.7105054e-20, -2.8261965e-02
1.9749306e-01, -1.0842022e-19,  9.2543264e-03
2.5236750e-01,  1.0842022e-19,  2.9069332e-02
2.9393916e-01,  0.0000000e+00, -1.6131798e-02
2.1070590e-01,  1.3552527e-20, -2.5317010e-02
1.9989710e-01,  0.0000000e+00,  1.4208237e-02
2.6519926e-01,  1.0842022e-19,  2.6458262e-02
2.8046075e-01,  5.4210109e-20, -2.1536716e-02
2.0510841e-01,  0.0000000e+00, -1.9508353e-02
2.0602570e-01,  6.7762636e-21,  2.0444312e-02
2.8286186e-01,  0.0000000e+00,  2.0666841e-02
2.6301355e-01,  0.0000000e+00, -2.7016529e-02
1.9933483e-01,  0.0000000e+00, -1.3434458e-02
2.1148724e-01,  0.0000000e+00,  2.5893816e-02
2.9530083e-01,  0.0000000e+00,  1.5334276e-02
2.5058962e-01, -5.4210109e-20, -2.9232216e-02
1.9743883e-01,  0.0000000e+00, -8.4036727e-03
2.1818948e-01,  2.7105054e-20,  2.8545536e-02
3.0275785e-01,  0.0000000e+00,  8.0413512e-03
2.3667712e-01,  0.0000000e+00, -2.9597081e-02
1.9786630e-01,  0.0000000e+00, -1.2194274e-03
2.3189408e-01,  0.0000000e+00,  2.9551730e-02
3.0438270e-01,  0.0000000e+00, -4.7693997e-03
2.2123861e-01,  0.0000000e+00, -2.9034850e-02
1.9737996e-01,  5.4210109e-20,  6.6410854e-03
2.4695829e-01,  5.4210109e-20,  2.9508426e-02
2.9787476e-01,  0.0000000e+00, -1.3632464e-02
2.1312224e-01, -1.6940659e-21, -2.6975306e-02
1.9829819e-01,  1.0842022e-19,  1.1876748e-02
2.5863912e-01,  1.0842022e-19,  2.8061750e-02
2.8783863e-01,  0.0000000e+00, -1.8854706e-02
2.0792231e-01,  0.0000000e+00, -2.2582509e-02
2.0281516e-01,  0.0000000e+00,  1.7344505e-02
2.7437388e-01,  1.0842022e-19,  2.3686982e-02
2.7098920e-01,  0.0000000e+00, -2.4794440e-02
2.0163201e-01, -1.0842022e-19, -1.6201790e-02
2.0887591e-01,  0.0000000e+00,  2.3653078e-02
2.9018341e-01,  0.0000000e+00,  1.7939082e-02
2.5650337e-01, -1.0842022e-19, -2.8500661e-02
1.9788567e-01,  0.0000000e+00, -1.1070298e-02
2.1407834e-01,  1.0842022e-19,  2.7461206e-02
2.9913374e-01,  0.0000000e+00,  1.2607235e-02
2.4487526e-01,  1.0842022e-19, -2.9604725e-02
1.9741567e-01,  5.4210109e-20, -5.5867133e-03
2.2317874e-01,  0.0000000e+00,  2.9244748e-02
3.0498750e-01, -1.3552527e-20,  2.7949241e-03
2.2935780e-01, -1.0842022e-19, -2.9520448e-02
1.9775602e-01,  5.4210109e-20,  2.4735411e-03
2.3904161e-01,  0.0000000e+00,  2.9626020e-02
3.0183494e-01,  0.0000000e+00, -9.4712806e-03
2.1690127e-01,  1.0842022e-19, -2.8289856e-02
1.9748618e-01,  1.0842022e-19,  9.1760753e-03
2.5220199e-01,  0.0000000e+00,  2.9085947e-02
2.9407069e-01,  0.0000000e+00, -1.6058133e-02
2.1077873e-01,  1.3552527e-20, -2.5373296e-02
1.9984145e-01,  5.4210109e-20,  1.4134685e-02
2.6499043e-01,  0.0000000e+00,  2.6513038e-02
2.8068778e-01,  0.0000000e+00, -2.1454675e-02
2.0519533e-01,  0.0000000e+00, -1.9594437e-02
2.0594356e-01,  0.0000000e+00,  2.0358383e-02
2.8264752e-01, -1.0842022e-19,  2.0744640e-02
2.6320702e-01,  0.0000000e+00, -2.6968415e-02
1.9938296e-01, -5.4210109e-20, -1.3503091e-02
2.1141671e-01, -1.0842022e-19,  2.5843920e-02
2.9518222e-01,  1.0842022e-19,  1.5406820e-02
2.5075005e-01,  0.0000000e+00, -2.9218713e-02
1.9744229e-01,  0.0000000e+00, -8.4810304e-03
2.1805886e-01,  1.0842022e-19,  2.8521340e-02
3.0267090e-01,  0.0000000e+00,  8.1859345e-03
2.3690794e-01,  0.0000000e+00, -2.9600142e-02
1.9785772e-01,  0.0000000e+00, -1.3409496e-03
2.3164894e-01,  0.0000000e+00,  2.9549743e-02
3.0445186e-01, -1.0842022e-19, -4.5863516e-03
2.2141461e-01,  0.0000000e+00, -2.9057736e-02
1.9737983e-01,  0.0000000e+00,  6.5425697e-03
2.4675945e-01,  0.0000000e+00,  2.9520467e-02
2.9800412e-01, -2.7105054e-20, -1.3536002e-02
2.1321330e-01,  1.0842022e-19, -2.7028071e-02
1.9824998e-01,  0.0000000e+00,  1.1794829e-02
2.5841483e-01,  0.0000000e+00,  2.8111437e-02
2.8809303e-01,  0.0000000e+00, -1.8759218e-02
2.0802247e-01,  0.0000000e+00, -2.2697750e-02
2.0268781e-01,  0.0000000e+00,  1.7224460e-02
2.7402045e-01,  0.0000000e+00,  2.3806332e-02
2.7133614e-01,  0.0000000e+00, -2.4685001e-02
2.0174864e-01,  0.0000000e+00, -1.6318680e-02
2.0877681e-01,  5.4210109e-20,  2.3546808e-02
2.8995099e-01,  0.0000000e+00,  1.8034510e-02
2.5672446e-01,  0.0000000e+00, -2.8459379e-02
1.9792249e-01,  1.0842022e-19, -1.1157328e-02
2.1396765e-01,  0.0000000e+00,  2.7412811e-02
2.9899977e-01, -5.4210109e-20,  1.2727300e-02
2.4511538e-01,  0.0000000e+00, -2.9597067e-02
1.9740732e-01, -1.0842022e-19, -5.7109957e-03
2.2294374e-01,  5.4210109e-20,  2.9224030e-02
3.0493240e-01,  1.0842022e-19,  3.0289931e-03
2.2964673e-01,  5.4210109e-20, -2.9525521e-02
1.9777080e-01,  0.0000000e+00,  2.3307601e-03
2.3877388e-01,  0.0000000e+00,  2.9623228e-02
3.0194331e-01,  0.0000000e+00, -9.3148543e-03
2.1704117e-01, -1.0842022e-19, -2.8320049e-02
1.9747908e-01,  0.0000000e+00,  9.0903720e-03
2.5202069e-01, -1.0842022e-19,  2.9103781e-02
2.9421359e-01,  0.0000000e+00, -1.5977525e-02
2.1085826e-01,  1.3552527e-20, -2.5434223e-02
1.9978139e-01, -5.4210109e-20,  1.4054658e-02
2.6476308e-01,  0.0000000e+00,  2.6572292e-02
2.8093538e-01,  0.0000000e+00, -2.1365193e-02
2.0528954e-01,  2.7105054e-20, -1.9688942e-02
2.0585294e-01, -5.4210109e-20,  2.0264085e-02
2.8241092e-01,  1.0842022e-19,  2.0830575e-02
2.6342036e-01,  2.7105054e-20, -2.6914977e-02
1.9943644e-01,  0.0000000e+00, -1.3579099e-02
2.1133873e-01,  0.0000000e+00,  2.5788470e-02
2.9505077e-01,  1.0842022e-19,  1.5486903e-02
2.5092673e-01,  0.0000000e+00, -2.9203636e-02
1.9744631e-01, -1.0842022e-19, -8.5666044e-03
2.1791375e-01,  0.0000000e+00,  2.8494375e-02
3.0257338e-01,  2.7105054e-20,  8.3457868e-03
2.3716549e-01,  5.4210109e-20, -2.9603566e-02
1.9784739e-01,  0.0000000e+00, -1.4767413e-03
2.3137497e-01,  2.7105054e-20,  2.9547339e-02
3.0452673e-01,  0.0000000e+00, -4.3796062e-03
2.2161472e-01,  0.0000000e+00, -2.9082748e-02
1.9738068e-01,  0.0000000e+00,  6.4314698e-03
2.4653554e-01,  0.0000000e+00,  2.9533365e-02
2.9814754e-01,  0.0000000e+00, -1.3427323e-02
2.1331568e-01,  0.0000000e+00, -2.7085878e-02
1.9819777e-01,  1.6940659e-21,  1.1703894e-02
2.5816689e-01,  0.0000000e+00,  2.8165485e-02
2.8837224e-01,  0.0000000e+00, -1.8653648e-02
2.0813217e-01,  5.4210109e-20, -2.2824773e-02
2.0254649e-01,  0.0000000e+00,  1.7091684e-02
2.7362857e-01,  0.0000000e+00,  2.3937853e-02
2.7172331e-01, -6.7762636e-21, -2.4561809e-02
2.0187945e-01,  0.0000000e+00, -1.6448954e-02
2.0866747e-01,  0.0000000e+00,  2.3427392e-02
2.8969023e-01,  0.0000000e+00,  1.8140058e-02
2.5696901e-01, -5.4210109e-20, -2.8412401e-02
1.9796505e-01,  0.0000000e+00, -1.1252610e-02
2.1384884e-01,  0.0000000e+00,  2.7358619e-02
2.9885252e-01,  0.0000000e+00,  1.2855885e-02
2.4537407e-01, -3.3881318e-21, -2.9587849e-02
1.9739998e-01,  1.0842022e-19, -5.8439413e-03
2.2269454e-01,  0.0000000e+00,  2.9200686e-02
3.0486826e-01,  0.0000000e+00,  3.2792594e-03
2.2995947e-01,  0.0000000e+00, -2.9530479e-02
1.9778606e-01,  0.0000000e+00,  2.1764796e-03
2.3848433e-01,  0.0000000e+00,  2.9620039e-02
3.0205925e-01, -1.0842022e-19, -9.1440970e-03
2.1719448e-01, -5.4210109e-20, -2.8352303e-02
1.9747207e-01,  0.0000000e+00,  8.9972098e-03
2.5182460e-01, -2.7105054e-20,  2.9122668e-02
2.9436717e-01, -1.0842022e-19, -1.5890014e-02
2.1094432e-01,  0.0000000e+00, -2.5499504e-02
1.9971723e-01,  0.0000000e+00,  1.3968381e-02
2.6451839e-01,  5.4210109e-20,  2.6635686e-02
2.8120270e-01,  0.0000000e+00, -2.1268529e-02
2.0539144e-01,  5.4210109e-20, -1.9791611e-02
2.0575403e-01,  0.0000000e+00,  2.0161569e-02
2.8215198e-01,  1.0842022e-19,  2.0924605e-02
2.6365469e-01,  0.0000000e+00, -2.6856042e-02
1.9949545e-01, -5.4210109e-20, -1.3662447e-02
2.1125345e-01,  0.0000000e+00,  2.5727340e-02
2.9490570e-01,  0.0000000e+00,  1.5574297e-02
2.5112068e-01,  0.0000000e+00, -2.9186847e-02
1.9745102e-01,  0.0000000e+00, -8.6600602e-03
2.1775622e-01,  0.0000000e+00,  2.8464467e-02
3.0246544e-01,  0.0000000e+00,  8.5200721e-03
2.3744892e-01, -1.3552527e-20, -2.9607295e-02
1.9783591e-01,  0.0000000e+00, -1.6264620e-03
2.3107258e-01, -1.0842022e-19,  2.9544411e-02
3.0460666e-01,  0.0000000e+00, -4.1490233e-03
2.2183895e-01,  0.0000000e+00, -2.9109597e-02
1.9738281e-01,  0.0000000e+00,  6.3078181e-03
2.4628843e-01,  0.0000000e+00,  2.9546751e-02
2.9830352e-01,  0.0000000e+00, -1.3306573e-02
2.1342901e-01, -1.0842022e-19, -2.7147939e-02
1.9814258e-01,  0.0000000e+00,  1.1604711e-02
2.5789859e-01,  0.0000000e+00,  2.8222964e-02
2.8867228e-01,  0.0000000e+00, -1.8539124e-02
2.0825190e-01,  0.0000000e+00, -2.2961591e-02
2.0239456e-01, -1.0842022e-19,  1.6947630e-02
