x, y, z
2.5920589e-01, -2.7105054e-20,  2.7934169e-02
2.8719394e-01,  0.0000000e+00, -1.9094545e-02
2.0767156e-01,  0.0000000e+00, -2.2292579e-02
2.0313549e-01, -1.0842022e-19,  1.7644184e-02
2.7524989e-01,  0.0000000e+00,  2.3387832e-02
2.7013518e-01,  0.0000000e+00, -2.5059778e-02
2.0135054e-01, -3.3881318e-21, -1.5913494e-02
2.0912221e-01,  0.0000000e+00,  2.3911645e-02
2.9074986e-01,  0.0000000e+00,  1.7700778e-02
2.5595307e-01,  6.7762636e-21, -2.8598891e-02
1.9780089e-01, -2.7105054e-20, -1.0849343e-02
2.1436725e-01,  0.0000000e+00,  2.7579704e-02
2.9947104e-01,  0.0000000e+00,  1.2291880e-02
2.4425041e-01,  0.0000000e+00, -2.9621155e-02
1.9744155e-01,  0.0000000e+00, -5.2604620e-03
2.2380188e-01,  1.3552527e-20,  2.9294695e-02
3.0511071e-01,  0.0000000e+00,  2.1813888e-03
2.2861418e-01,  0.0000000e+00, -2.9505475e-02
1.9771645e-01, -1.0842022e-19,  2.8409556e-03
2.3972783e-01,  1.0842022e-19,  2.9632756e-02
3.0155255e-01,  2.7105054e-20, -9.8666899e-03
2.1654708e-01,  0.0000000e+00, -2.8211436e-02
1.9750627e-01,  0.0000000e+00,  9.3938967e-03
2.5266404e-01, -1.0842022e-19,  2.9039160e-02
2.9370257e-01,  0.0000000e+00, -1.6263052e-02
2.1057572e-01,  1.0842022e-19, -2.5215844e-02
1.9999774e-01, -1.0842022e-19,  1.4339702e-02
2.6557248e-01,  0.0000000e+00,  2.6359907e-02
2.8005717e-01,  0.0000000e+00, -2.1682733e-02
2.0495372e-01,  0.0000000e+00, -1.9356788e-02
2.0616742e-01,  0.0000000e+00,  2.0595916e-02
2.8323606e-01,  0.0000000e+00,  2.0531417e-02
2.6267868e-01,  0.0000000e+00, -2.7099918e-02
1.9925169e-01,  1.0842022e-19, -1.3315712e-02
2.1160840e-01,  1.0842022e-19,  2.5980006e-02
2.9550514e-01,  2.7105054e-20,  1.5209056e-02
2.5031453e-01,  0.0000000e+00, -2.9255478e-02
1.9743325e-01,  3.3881318e-21, -8.2709183e-03
2.1841440e-01,  0.0000000e+00,  2.8586687e-02
3.0290354e-01, -5.4210109e-20,  7.7939681e-03
2.3628606e-01, -1.0842022e-19, -2.9592213e-02
1.9787874e-01,  0.0000000e+00, -1.0146303e-03
2.3230562e-01,  1.0842022e-19,  2.9555079e-02
3.0426182e-01,  0.0000000e+00, -5.0732763e-03
2.2094760e-01, -1.0842022e-19, -2.8995755e-02
1.9738121e-01,  0.0000000e+00,  6.8046085e-03
2.4728990e-01, -5.4210109e-20,  2.9487525e-02
2.9765560e-01,  0.0000000e+00, -1.3792366e-02
2.1297023e-01,  0.0000000e+00, -2.6885630e-02
1.9838043e-01,  1.0842022e-19,  1.2014418e-02
2.5901831e-01,  0.0000000e+00,  2.7976715e-02
2.8740761e-01,  0.0000000e+00, -1.9015407e-02
2.0775437e-01, -1.0842022e-19, -2.2388285e-02
2.0303021e-01,  1.0842022e-19,  1.7545553e-02
2.7496233e-01,  0.0000000e+00,  2.3486449e-02
2.7041457e-01,  0.0000000e+00, -2.4973721e-02
2.0144155e-01,  0.0000000e+00, -1.6007867e-02
2.0904101e-01,  0.0000000e+00,  2.3827622e-02
2.9056515e-01,  0.0000000e+00,  1.7779366e-02
2.5613398e-01,  5.4210109e-20, -2.8567329e-02
1.9782784e-01,  0.0000000e+00, -1.0922840e-02
2.1426956e-01,  0.0000000e+00,  2.7541050e-02
2.9935915e-01,  0.0000000e+00,  1.2398586e-02
2.4446064e-01,  0.0000000e+00, -2.9616208e-02
1.9743208e-01,  0.0000000e+00, -5.3708294e-03
2.2358996e-01,  0.0000000e+00,  2.9278539e-02
3.0507243e-01,  0.0000000e+00,  2.3887819e-03
2.2886324e-01,  0.0000000e+00, -2.9510854e-02
1.9772999e-01, -2.7105054e-20,  2.7177988e-03
2.3949779e-01,  0.0000000e+00,  2.9630624e-02
3.0164749e-01,  0.0000000e+00, -9.7352274e-03
2.1666482e-01, -1.0842022e-19, -2.8237939e-02
1.9749925e-01,  0.0000000e+00,  9.3212017e-03
2.5250916e-01,  0.0000000e+00,  2.9055093e-02
2.9382629e-01,  0.0000000e+00, -1.6194598e-02
2.1064351e-01,  0.0000000e+00, -2.5268996e-02
1.9994507e-01,  0.0000000e+00,  1.4270838e-02
2.6537711e-01, -2.1684043e-19,  2.6411609e-02
2.8026860e-01,  0.0000000e+00, -2.1606304e-02
2.0503448e-01,  0.0000000e+00, -1.9436047e-02
2.0609315e-01,  5.4210109e-20,  2.0516731e-02
2.8304104e-01,  0.0000000e+00,  2.0602060e-02
2.6285332e-01,  0.0000000e+00, -2.7056553e-02
1.9929489e-01,  1.0842022e-19, -1.3377628e-02
2.1154483e-01, -1.0842022e-19,  2.5935192e-02
2.9539856e-01,  0.0000000e+00,  1.5274524e-02
2.5045829e-01,  0.0000000e+00, -2.9243417e-02
1.9743637e-01, -3.3881318e-21, -8.3402985e-03
2.1829705e-01,  0.0000000e+00,  2.8565264e-02
3.0282743e-01,  0.0000000e+00,  7.9233960e-03
2.3648997e-01,  0.0000000e+00, -2.9594767e-02
1.9787244e-01,  2.7105054e-20, -1.1213634e-03
2.3209104e-01,  0.0000000e+00,  2.9553407e-02
3.0432518e-01, -5.4210109e-20, -4.9155299e-03
2.2109820e-01,  0.0000000e+00, -2.9016327e-02
1.9738056e-01,  0.0000000e+00,  6.7196218e-03
2.4711760e-01,  6.7762636e-21,  2.9498604e-02
2.9776978e-01,  2.7105054e-20, -1.3709221e-02
2.1304910e-01,  0.0000000e+00, -2.6932824e-02
1.9833664e-01,  5.4210109e-20,  1.1942410e-02
2.5881957e-01,  0.0000000e+00,  2.8021556e-02
2.8763432e-01,  0.0000000e+00, -1.8931183e-02
2.0784282e-01, -1.0842022e-19, -2.2490165e-02
2.0291754e-01,  0.0000000e+00,  1.7440231e-02
2.7465427e-01,  0.0000000e+00,  2.3591667e-02
2.7071523e-01,  0.0000000e+00, -2.4880413e-02
2.0154042e-01, -2.7105054e-20, -1.6109298e-02
2.0895430e-01,  0.0000000e+00,  2.3736687e-02
2.9036583e-01,  5.4210109e-20,  1.7863243e-02
2.5632805e-01,  0.0000000e+00, -2.8532774e-02
1.9785768e-01,  2.7105054e-20, -1.1000639e-02
2.1416772e-01,  5.4210109e-20,  2.7499344e-02
2.9924024e-01,  0.0000000e+00,  1.2509723e-02
2.4468101e-01,  0.0000000e+00, -2.9610441e-02
1.9742303e-01,  0.0000000e+00, -5.4858656e-03
2.2337006e-01,  5.4210109e-20,  2.9260945e-02
3.0502832e-01,  1.0842022e-19,  2.6052449e-03
2.2912558e-01,  5.4210109e-20, -2.9516161e-02
1.9774378e-01,  0.0000000e+00,  2.5880981e-03
2.3925540e-01,  1.0842022e-19,  2.9628283e-02
3.0174699e-01,  0.0000000e+00, -9.5955627e-03
2.1678959e-01,  0.0000000e+00, -2.8265735e-02
1.9749213e-01, -2.7105054e-20,  9.2441995e-03
2.5234616e-01, -1.0842022e-19,  2.9071675e-02
2.9395692e-01,  1.0842022e-19, -1.6122083e-02
2.1071517e-01,  0.0000000e+00, -2.5324834e-02
1.9988981e-01,  1.0842022e-19,  1.4198190e-02
2.6517037e-01, -2.7105054e-20,  2.6465966e-02
2.8049247e-01,  0.0000000e+00, -2.1525428e-02
2.0512001e-01, -5.4210109e-20, -1.9520450e-02
2.0601352e-01,  0.0000000e+00,  2.0432437e-02
2.8283224e-01,  0.0000000e+00,  2.0677827e-02
2.6304112e-01,  0.0000000e+00, -2.7009869e-02
1.9934151e-01,  0.0000000e+00, -1.3444294e-02
2.1147632e-01, -1.0842022e-19,  2.5886856e-02
2.9528402e-01,  0.0000000e+00,  1.5345010e-02
2.5061360e-01,  1.0842022e-19, -2.9230383e-02
1.9743961e-01, -6.7762636e-21, -8.4152856e-03
2.1816939e-01, -1.0842022e-19,  2.8542049e-02
3.0274428e-01,  0.0000000e+00,  8.0634589e-03
2.3671247e-01,  0.0000000e+00, -2.9597643e-02
1.9786453e-01,  0.0000000e+00, -1.2380514e-03
2.3185637e-01,  0.0000000e+00,  2.9551531e-02
3.0439334e-01,  0.0000000e+00, -4.7413120e-03
2.2126560e-01,  0.0000000e+00, -2.9038541e-02
1.9738028e-01,  0.0000000e+00,  6.6257885e-03
2.4692706e-01,  1.0842022e-19,  2.9510484e-02
2.9789482e-01,  0.0000000e+00, -1.3617357e-02
2.1313601e-01,  0.0000000e+00, -2.6983999e-02
1.9828946e-01,  0.0000000e+00,  1.1863624e-02
2.5860291e-01,  0.0000000e+00,  2.8069974e-02
2.8788079e-01,  0.0000000e+00, -1.8839161e-02
2.0793851e-01,  0.0000000e+00, -2.2601504e-02
2.0279396e-01,  0.0000000e+00,  1.7324851e-02
2.7431569e-01,  2.7105054e-20,  2.3706721e-02
2.7104652e-01,  1.0842022e-19, -2.4776577e-02
2.0165065e-01,  5.4210109e-20, -1.6221141e-02
2.0885944e-01, -1.0842022e-19,  2.3635645e-02
2.9014482e-01,  0.0000000e+00,  1.7955056e-02
2.5654036e-01,  0.0000000e+00, -2.8493951e-02
1.9789186e-01,  0.0000000e+00, -1.1085050e-02
2.1405916e-01, -5.4210109e-20,  2.7453179e-02
2.9911079e-01,  0.0000000e+00,  1.2628085e-02
2.4491712e-01, -1.3552527e-20, -2.9603553e-02
1.9741447e-01,  0.0000000e+00, -5.6084107e-03
2.2313757e-01,  0.0000000e+00,  2.9241269e-02
3.0497771e-01,  0.0000000e+00,  2.8360270e-03
2.2940856e-01,  0.0000000e+00, -2.9521437e-02
1.9775892e-01, -1.0842022e-19,  2.4484748e-03
2.3899419e-01,  0.0000000e+00,  2.9625641e-02
3.0185367e-01,  0.0000000e+00, -9.4438245e-03
2.1692551e-01,  0.0000000e+00, -2.8295405e-02
1.9748473e-01,  0.0000000e+00,  9.1608269e-03
2.5216911e-01,  0.0000000e+00,  2.9089336e-02
2.9409739e-01,  0.0000000e+00, -1.6043604e-02
2.1079267e-01, -1.0842022e-19, -2.5384681e-02
1.9983075e-01, -1.0842022e-19,  1.4119935e-02
2.6494796e-01,  0.0000000e+00,  2.6524184e-02
2.8073425e-01,  1.0842022e-19, -2.1438100e-02
2.0521235e-01,  0.0000000e+00, -1.9612154e-02
2.0592653e-01,  0.0000000e+00,  2.0340847e-02
2.8260396e-01, -1.6940659e-21,  2.0760773e-02
2.6324669e-01, -5.4210109e-20, -2.6958541e-02
1.9939285e-01,  1.0842022e-19, -1.3517491e-02
2.1140115e-01,  5.4210109e-20,  2.5833612e-02
2.9515791e-01,  0.0000000e+00,  1.5422288e-02
2.5078387e-01,  5.4210109e-20, -2.9215973e-02
1.9744321e-01,  0.0000000e+00, -8.4977399e-03
2.1802971e-01,  0.0000000e+00,  2.8516254e-02
3.0265146e-01,  0.0000000e+00,  8.2175158e-03
2.3695916e-01, -1.0842022e-19, -2.9600888e-02
1.9785565e-01,  0.0000000e+00, -1.3677678e-03
2.3159509e-01,  0.0000000e+00,  2.9549344e-02
3.0446744e-01,  0.0000000e+00, -4.5455536e-03
2.2145457e-01,  0.0000000e+00, -2.9062824e-02
1.9737999e-01,  0.0000000e+00,  6.5204897e-03
2.4671437e-01,  0.0000000e+00,  2.9523227e-02
2.9803302e-01, -1.0842022e-19, -1.3514261e-02
2.1323347e-01, -5.4210109e-20, -2.7040065e-02
1.9823834e-01,  0.0000000e+00,  1.1776332e-02
2.5836352e-01,  0.0000000e+00,  2.8122737e-02
2.8815135e-01, -1.0842022e-19, -1.8737492e-02
2.0804460e-01, -1.0842022e-19, -2.2724175e-02
2.0265787e-01,  0.0000000e+00,  1.7197064e-02
2.7393963e-01,  0.0000000e+00,  2.3833696e-02
2.7141616e-01,  0.0000000e+00, -2.4659668e-02
2.0177512e-01,  0.0000000e+00, -1.6345760e-02
2.0875445e-01,  0.0000000e+00,  2.3522110e-02
2.8989676e-01,  0.0000000e+00,  1.8056623e-02
2.5677547e-01,  0.0000000e+00, -2.8449764e-02
1.9793124e-01,  2.7105054e-20, -1.1177487e-02
2.1394238e-01,  0.0000000e+00,  2.7401496e-02
2.9896837e-01,  0.0000000e+00,  1.2755042e-02
2.4517116e-01, -1.0842022e-19, -2.9595265e-02
1.9740547e-01,  2.7105054e-20, -5.7398172e-03
2.2288960e-01,  0.0000000e+00,  2.9219129e-02
3.0491962e-01,  0.0000000e+00,  3.0834529e-03
2.2971472e-01,  0.0000000e+00, -2.9526706e-02
1.9777380e-01,  0.0000000e+00,  2.2972465e-03
2.3871100e-01,  0.0000000e+00,  2.9622622e-02
3.0196844e-01,  0.0000000e+00, -9.2778062e-03
2.1707478e-01,  0.0000000e+00, -2.8327229e-02
1.9747718e-01,  5.4210109e-20,  9.0699711e-03
2.5197763e-01,  1.3552527e-20,  2.9108117e-02
2.9424847e-01,  6.7762636e-21, -1.5958178e-02
2.1087682e-01,  0.0000000e+00, -2.5449065e-02
1.9976742e-01,  0.0000000e+00,  1.4035243e-02
2.6470771e-01,  0.0000000e+00,  2.6586765e-02
2.8099638e-01,  0.0000000e+00, -2.1343378e-02
2.0531262e-01, -1.0842022e-19, -1.9712229e-02
2.0583104e-01,  0.0000000e+00,  2.0240840e-02
2.8235259e-01,  0.0000000e+00,  2.0851972e-02
2.6347354e-01,  0.0000000e+00, -2.6901722e-02
1.9944975e-01, -1.0842022e-19, -1.3598170e-02
2.1131845e-01,  5.4210109e-20,  2.5774667e-02
2.9501724e-01,  0.0000000e+00,  1.5507214e-02
2.5097214e-01,  0.0000000e+00, -2.9199886e-02
1.9744725e-01, -2.7105054e-20, -8.5884805e-03
2.1787672e-01, -2.7105054e-20,  2.8487491e-02
3.0254773e-01,  0.0000000e+00,  8.3869208e-03
2.3723218e-01,  1.0842022e-19, -2.9604536e-02
1.9784469e-01, -2.7105054e-20, -1.5120192e-03
2.3130342e-01,  0.0000000e+00,  2.9546763e-02
3.0454650e-01,  0.0000000e+00, -4.3253785e-03
2.2166714e-01,  1.0842022e-19, -2.9089287e-02
1.9738064e-01,  5.4210109e-20,  6.4022631e-03
2.4647722e-01,  1.0842022e-19,  2.9536718e-02
2.9818504e-01,  0.0000000e+00, -1.3398639e-02
2.1334245e-01,  5.4210109e-20, -2.7101076e-02
1.9818350e-01,  0.0000000e+00,  1.1679988e-02
2.5810143e-01,  5.4210109e-20,  2.8179680e-02
2.8844612e-01,  0.0000000e+00, -1.8625784e-02
2.0816178e-01,  0.0000000e+00, -2.2858272e-02
2.0250949e-01,  0.0000000e+00,  1.7056475e-02
2.7352431e-01,  0.0000000e+00,  2.3972705e-02
2.7182618e-01,  0.0000000e+00, -2.4528811e-02
2.0191504e-01,  0.0000000e+00, -1.6483735e-02
2.0863797e-01,  5.4210109e-20,  2.3395396e-02
2.8961996e-01,  0.0000000e+00,  1.8168285e-02
2.5703469e-01,  0.0000000e+00, -2.8399698e-02
1.9797664e-01,  0.0000000e+00, -1.1278022e-02
2.1381789e-01,  3.3881318e-21,  2.7343967e-02
2.9881293e-01,  0.0000000e+00,  1.2889936e-02
2.4544228e-01, -5.4210109e-20, -2.9585340e-02
1.9739740e-01,  0.0000000e+00, -5.8792506e-03
2.2262804e-01,  0.0000000e+00,  2.9194396e-02
3.0485065e-01,  0.0000000e+00,  3.3458173e-03
2.3004272e-01,  0.0000000e+00, -2.9531831e-02
1.9779017e-01,  1.0842022e-19,  2.1350790e-03
2.3840696e-01,  0.0000000e+00,  2.9619209e-02
3.0209073e-01,  0.0000000e+00, -9.0978619e-03
2.1723634e-01, -1.0842022e-19, -2.8361023e-02
1.9746969e-01,  5.4210109e-20,  8.9719319e-03
2.5177111e-01,  0.0000000e+00,  2.9127864e-02
2.9440892e-01, -2.7105054e-20, -1.5866137e-02
2.1096733e-01,  1.0842022e-19, -2.5517478e-02
1.9970010e-01, -6.7762636e-21,  1.3944662e-02
2.6445122e-01,  1.0842022e-19,  2.6653155e-02
2.8127696e-01,  0.0000000e+00, -2.1241855e-02
2.0542010e-01, -1.3552527e-20, -1.9820165e-02
2.0572631e-01,  0.0000000e+00,  2.0133053e-02
2.8207956e-01,  1.3552527e-20,  2.0951028e-02
2.6372087e-01,  0.0000000e+00, -2.6839487e-02
1.9951228e-01,  1.0842022e-19, -1.3685990e-02
2.1122877e-01,  0.0000000e+00,  2.5710132e-02
2.9486380e-01, -5.4210109e-20,  1.5599165e-02
2.5117582e-01,  0.0000000e+00, -2.9182133e-02
1.9745215e-01,  0.0000000e+00, -8.6868041e-03
2.1771147e-01,  1.0842022e-19,  2.8455865e-02
3.0243349e-01,  0.0000000e+00,  8.5701230e-03
2.3753045e-01,  0.0000000e+00, -2.9608457e-02
1.9783176e-01,  0.0000000e+00, -1.6698733e-03
2.3098430e-01,  0.0000000e+00,  2.9543605e-02
3.0462923e-01, -1.0842022e-19, -4.0815420e-03
2.2190436e-01,  0.0000000e+00, -2.9117373e-02
1.9738284e-01,  0.0000000e+00,  6.2716127e-03
2.4621575e-01,  0.0000000e+00,  2.9550601e-02
2.9834866e-01,  0.0000000e+00, -1.3271119e-02
2.1346220e-01,  5.4210109e-20, -2.7165915e-02
1.9812631e-01,  1.0842022e-19,  1.1575812e-02
2.5782059e-01,  0.0000000e+00,  2.8239564e-02
2.8875962e-01,  0.0000000e+00, -1.8505740e-02
2.0828651e-01, -5.4210109e-20, -2.3001478e-02
2.0235042e-01,  2.7105054e-20,  1.6905534e-02
2.7307813e-01,  0.0000000e+00,  2.4121033e-02
2.7226963e-01,  0.0000000e+00, -2.4385686e-02
2.0206755e-01,  0.0000000e+00, -1.6633116e-02
2.0851338e-01, -1.0842022e-19,  2.3256956e-02
2.8931786e-01,  0.0000000e+00,  1.8288310e-02
2.5731392e-01,  0.0000000e+00, -2.8344205e-02
1.9802786e-01, -5.4210109e-20, -1.1384895e-02
2.1368796e-01,  1.0842022e-19,  2.7281367e-02
2.9864695e-01, -1.0842022e-19,  1.3029801e-02
2.4572516e-01,  0.0000000e+00, -2.9573746e-02
1.9739111e-01,  0.0000000e+00, -6.0235128e-03
2.2236008e-01,  0.0000000e+00,  2.9167336e-02
3.0477485e-01,  2.7105054e-20,  3.6168849e-03
2.3038613e-01,  0.0000000e+00, -2.9536583e-02
1.9780563e-01,  0.0000000e+00,  1.9655271e-03
2.3808786e-01, -1.0842022e-19,  2.9615459e-02
3.0221692e-01,  0.0000000e+00, -8.9075357e-03
2.1740712e-01,  0.0000000e+00, -2.8395969e-02
1.9746267e-01,  0.0000000e+00,  8.8687152e-03
2.5155501e-01,  0.0000000e+00,  2.9148028e-02
