x, y, z
3.0154421e-01,  0.0000000e+00, -9.8742036e-03
2.1653975e-01,  0.0000000e+00, -2.8208076e-02
1.9750920e-01,  0.0000000e+00,  9.3999334e-03
2.5268063e-01,  1.3552527e-20,  2.9035883e-02
2.9368403e-01,  0.0000000e+00, -1.6270611e-02
2.1056811e-01,  0.0000000e+00, -2.5206640e-02
2.0000827e-01,  0.0000000e+00,  1.4350117e-02
2.6560604e-01,  0.0000000e+00,  2.6349794e-02
2.8001816e-01,  0.0000000e+00, -2.1695603e-02
2.0493995e-01,  0.0000000e+00, -1.9341155e-02
2.0618350e-01,  0.0000000e+00,  2.0610587e-02
2.8327492e-01,  0.0000000e+00,  2.0516003e-02
2.6264069e-01,  1.0842022e-19, -2.7107907e-02
1.9924458e-01,  3.3881318e-21, -1.3300712e-02
2.1162687e-01,  1.0842022e-19,  2.5989507e-02
2.9553111e-01,  0.0000000e+00,  1.5189884e-02
2.5027200e-01,  0.0000000e+00, -2.9257356e-02
1.9743477e-01,  0.0000000e+00, -8.2484725e-03
2.1845526e-01,  5.4210109e-20,  2.8592309e-02
3.0292735e-01,  0.0000000e+00,  7.7485351e-03
2.3621466e-01,  0.0000000e+00, -2.9590193e-02
1.9788273e-01,  0.0000000e+00, -9.7607442e-04
2.3238546e-01,  0.0000000e+00,  2.9554610e-02
3.0423569e-01,  0.0000000e+00, -5.1316474e-03
2.2089191e-01,  0.0000000e+00, -2.8986518e-02
1.9738410e-01,  0.0000000e+00,  6.8376299e-03
2.4736028e-01,  0.0000000e+00,  2.9481503e-02
2.9760340e-01,  0.0000000e+00, -1.3826478e-02
2.1293756e-01, -1.0842022e-19, -2.6863061e-02
1.9840319e-01,  0.0000000e+00,  1.2046875e-02
2.5911227e-01,  1.0842022e-19,  2.7954198e-02
2.8729741e-01,  2.7105054e-20, -1.9055078e-02
2.0771276e-01,  0.0000000e+00, -2.2337826e-02
2.0308699e-01,  1.0842022e-19,  1.7596788e-02
2.7511443e-01,  0.0000000e+00,  2.3433529e-02
2.7026439e-01, -1.0842022e-19, -2.5019034e-02
2.0139373e-01,  0.0000000e+00, -1.5956472e-02
2.0908667e-01,  0.0000000e+00,  2.3872676e-02
2.9066650e-01,  0.0000000e+00,  1.7734903e-02
2.5603118e-01,  1.0842022e-19, -2.8584041e-02
1.9781429e-01,  0.0000000e+00, -1.0879751e-02
2.1432919e-01,  1.0842022e-19,  2.7562703e-02
2.9942606e-01,  0.0000000e+00,  1.2333098e-02
2.4433109e-01, -1.0842022e-19, -2.9618242e-02
1.9743955e-01,  0.0000000e+00, -5.3017068e-03
2.2372458e-01,  0.0000000e+00,  2.9287881e-02
3.0509498e-01,  1.0842022e-19,  2.2568355e-03
2.2870451e-01,  0.0000000e+00, -2.9506591e-02
1.9772297e-01,  0.0000000e+00,  2.7972254e-03
2.3964813e-01,  1.0842022e-19,  2.9631046e-02
3.0158328e-01,  1.0842022e-19, -9.8214036e-03
2.1658737e-01,  0.0000000e+00, -2.8218794e-02
1.9750647e-01,  0.0000000e+00,  9.3706392e-03
2.5261790e-01,  0.0000000e+00,  2.9042406e-02
2.9373507e-01,  0.0000000e+00, -1.6242958e-02
2.1059526e-01,  0.0000000e+00, -2.5228288e-02
1.9998701e-01,  0.0000000e+00,  1.4322169e-02
2.6552610e-01,  0.0000000e+00,  2.6370898e-02
2.8010390e-01,  0.0000000e+00, -2.1664622e-02
2.0497299e-01,  0.0000000e+00, -1.9373240e-02
2.0615362e-01,  0.0000000e+00,  2.0578526e-02
2.8319595e-01,  0.0000000e+00,  2.0544574e-02
2.6271118e-01,  0.0000000e+00, -2.7090449e-02
1.9926168e-01,  0.0000000e+00, -1.3325786e-02
2.1160072e-01,  0.0000000e+00,  2.5971472e-02
2.9548890e-01,  1.3552527e-20,  1.5216464e-02
2.5033002e-01, -1.0842022e-19, -2.9252540e-02
1.9743623e-01,  1.0842022e-19, -8.2766695e-03
2.1840747e-01,  2.7105054e-20,  2.8583662e-02
3.0289712e-01,  0.0000000e+00,  7.8012434e-03
2.3629715e-01,  0.0000000e+00, -2.9591258e-02
1.9788020e-01, -1.0842022e-19, -1.0193234e-03
2.3229820e-01,  0.0000000e+00,  2.9554004e-02
3.0426211e-01,  2.7105054e-20, -5.0680757e-03
2.2095219e-01,  0.0000000e+00, -2.8995013e-02
1.9738340e-01,  0.0000000e+00,  6.8033153e-03
2.4729021e-01,  0.0000000e+00,  2.9486146e-02
2.9765113e-01, -1.0842022e-19, -1.3792814e-02
2.1296930e-01,  0.0000000e+00, -2.6882539e-02
1.9838496e-01,  5.4210109e-20,  1.2017445e-02
2.5903029e-01, -5.4210109e-20,  2.7972785e-02
2.8739033e-01,  0.0000000e+00, -1.9020569e-02
2.0774879e-01,  0.0000000e+00, -2.2379708e-02
2.0304051e-01, -1.0842022e-19,  1.7553680e-02
2.7498821e-01,  0.0000000e+00,  2.3476757e-02
2.7038735e-01, -6.7762636e-21, -2.4981258e-02
2.0143401e-01,  3.3881318e-21, -1.5997886e-02
2.0905109e-01,  0.0000000e+00,  2.3835763e-02
2.9058510e-01,  0.0000000e+00,  1.7769472e-02
2.5611074e-01, -5.4210109e-20, -2.8570169e-02
1.9782644e-01,  0.0000000e+00, -1.0912099e-02
2.1428601e-01,  0.0000000e+00,  2.7545697e-02
2.9937584e-01, -5.4210109e-20,  1.2380159e-02
2.4442371e-01,  0.0000000e+00, -2.9616084e-02
1.9743545e-01, -5.4210109e-20, -5.3504209e-03
2.2363077e-01,  0.0000000e+00,  2.9280773e-02
3.0507909e-01,  0.0000000e+00,  2.3484672e-03
2.2881435e-01,  0.0000000e+00, -2.9509019e-02
1.9772907e-01,  0.0000000e+00,  2.7427255e-03
2.3954608e-01,  1.0842022e-19,  2.9630156e-02
3.0162500e-01,  5.4210109e-20, -9.7631460e-03
2.1663937e-01,  0.0000000e+00, -2.8230635e-02
1.9750363e-01,  0.0000000e+00,  9.3383205e-03
2.5254892e-01, -5.4210109e-20,  2.9049563e-02
2.9378987e-01,  0.0000000e+00, -1.6212473e-02
2.1062539e-01,  0.0000000e+00, -2.5252115e-02
1.9996302e-01,  0.0000000e+00,  1.4291402e-02
2.6543878e-01,  0.0000000e+00,  2.6394111e-02
2.8019872e-01,  1.0842022e-19, -2.1630388e-02
2.0500945e-01,  0.0000000e+00, -1.9408804e-02
2.0612035e-01,  0.0000000e+00,  2.0542988e-02
2.8310844e-01, -1.0842022e-19,  2.0576360e-02
2.6278986e-01,  0.0000000e+00, -2.7071012e-02
1.9928085e-01,  0.0000000e+00, -1.3353733e-02
2.1157185e-01,  0.0000000e+00,  2.5951330e-02
2.9544034e-01,  1.0842022e-19,  1.5246187e-02
2.5039544e-01,  0.0000000e+00, -2.9247150e-02
1.9743718e-01,  0.0000000e+00, -8.3082695e-03
2.1835385e-01,  0.0000000e+00,  2.8573993e-02
3.0286224e-01,  0.0000000e+00,  7.8603423e-03
2.3639026e-01,  0.0000000e+00, -2.9592478e-02
1.9787724e-01,  0.0000000e+00, -1.0680252e-03
2.3220021e-01,  0.0000000e+00,  2.9553303e-02
3.0429085e-01,  0.0000000e+00, -4.9961588e-03
2.2102077e-01, -5.4210109e-20, -2.9004531e-02
1.9738270e-01,  1.0842022e-19,  6.7644781e-03
2.4721141e-01,  0.0000000e+00,  2.9491344e-02
2.9770349e-01,  0.0000000e+00, -1.3754718e-02
2.1300550e-01,  5.4210109e-20, -2.6904453e-02
1.9836457e-01,  0.0000000e+00,  1.1984193e-02
2.5893858e-01,  0.0000000e+00,  2.7993678e-02
2.8749600e-01, -1.3552527e-20, -1.8981563e-02
2.0778950e-01,  0.0000000e+00, -2.2427043e-02
2.0298805e-01,  1.0842022e-19,  1.7504891e-02
2.7484573e-01,  0.0000000e+00,  2.3525625e-02
2.7052611e-01,  0.0000000e+00, -2.4938252e-02
2.0147953e-01,  0.0000000e+00, -1.6044934e-02
2.0901080e-01,  2.7105054e-20,  2.3793738e-02
2.9049299e-01,  0.0000000e+00,  1.7808581e-02
2.5620163e-01,  0.0000000e+00, -2.8554273e-02
1.9783986e-01,  0.0000000e+00, -1.0948608e-02
2.1423790e-01,  0.0000000e+00,  2.7526338e-02
2.9932068e-01,  0.0000000e+00,  1.2432831e-02
2.4452798e-01,  0.0000000e+00, -2.9613530e-02
1.9743096e-01,  5.4210109e-20, -5.4050066e-03
2.2352604e-01, -5.4210109e-20,  2.9272638e-02
3.0505836e-01,  0.0000000e+00,  2.4512293e-03
2.2893838e-01,  5.4210109e-20, -2.9511652e-02
1.9773567e-01,  6.7762636e-21,  2.6813529e-03
2.3943133e-01, -5.4210109e-20,  2.9629120e-02
3.0167251e-01,  1.0842022e-19, -9.6972557e-03
2.1669808e-01,  0.0000000e+00, -2.8243954e-02
1.9749979e-01, -1.0842022e-19,  9.3018503e-03
2.5247165e-01,  3.3881318e-21,  2.9057590e-02
2.9385322e-01,  0.0000000e+00, -1.6177992e-02
2.1065957e-01,  0.0000000e+00, -2.5278940e-02
1.9993617e-01,  0.0000000e+00,  1.4256667e-02
2.6533942e-01,  0.0000000e+00,  2.6420302e-02
2.8030617e-01,  0.0000000e+00, -2.1591694e-02
2.0505057e-01, -2.1684043e-19, -1.9449144e-02
2.0608249e-01,  0.0000000e+00,  2.0502716e-02
2.8300871e-01, -5.4210109e-20,  2.0612537e-02
2.6287909e-01,  0.0000000e+00, -2.7048874e-02
1.9930289e-01,  1.0842022e-19, -1.3385582e-02
2.1153908e-01,  5.4210109e-20,  2.5928338e-02
2.9538603e-01,  0.0000000e+00,  1.5280060e-02
2.5047004e-01,  0.0000000e+00, -2.9240997e-02
1.9743845e-01,  0.0000000e+00, -8.3443847e-03
2.1829209e-01,  0.0000000e+00,  2.8562969e-02
3.0282357e-01, -3.3881318e-21,  7.9279454e-03
2.3649733e-01,  0.0000000e+00, -2.9593884e-02
1.9787367e-01,  1.0842022e-19, -1.1240229e-03
2.3208770e-01, -2.7105054e-20,  2.9552476e-02
3.0432501e-01,  0.0000000e+00, -4.9130597e-03
2.2110068e-01,  0.0000000e+00, -2.9015386e-02
1.9738210e-01,  0.0000000e+00,  6.7196009e-03
2.4711977e-01,  1.0842022e-19,  2.9497294e-02
2.9776499e-01, -1.0842022e-19, -1.3710651e-02
2.1304745e-01,  2.7105054e-20, -2.6929557e-02
1.9834143e-01,  0.0000000e+00,  1.1945899e-02
2.5883219e-01,  0.0000000e+00,  2.8017625e-02
2.8761633e-01,  0.0000000e+00, -1.8936715e-02
2.0783643e-01,  0.0000000e+00, -2.2481511e-02
2.0292771e-01,  0.0000000e+00,  1.7448639e-02
2.7468098e-01,  0.0000000e+00,  2.3581928e-02
2.7068712e-01,  0.0000000e+00, -2.4888280e-02
2.0153242e-01,  1.0842022e-19, -1.6099322e-02
2.0896433e-01,  0.0000000e+00,  2.3744973e-02
2.9038610e-01,  0.0000000e+00,  1.7853631e-02
2.5630522e-01,  0.0000000e+00, -2.8535760e-02
1.9785560e-01,  0.0000000e+00, -1.0990490e-02
2.1418338e-01,  0.0000000e+00,  2.7503889e-02
2.9925635e-01,  0.0000000e+00,  1.2492735e-02
2.4464724e-01,  0.0000000e+00, -2.9610447e-02
1.9742595e-01,  0.0000000e+00, -5.4671046e-03
2.2340771e-01,  0.0000000e+00,  2.9263132e-02
3.0503458e-01,  5.4210109e-20,  2.5682017e-03
2.2908067e-01,  1.3552527e-20, -2.9514534e-02
1.9774299e-01,  0.0000000e+00,  2.6111708e-03
2.3930030e-01,  0.0000000e+00,  2.9627897e-02
3.0172724e-01,  0.0000000e+00, -9.6215664e-03
2.1676609e-01,  0.0000000e+00, -2.8259099e-02
1.9749558e-01,  0.0000000e+00,  9.2600195e-03
2.5238217e-01,  0.0000000e+00,  2.9066748e-02
2.9392388e-01,  0.0000000e+00, -1.6138487e-02
2.1069889e-01,  2.7105054e-20, -2.5309559e-02
1.9990567e-01, -1.0842022e-19,  1.4216908e-02
2.6522673e-01,  0.0000000e+00,  2.6450167e-02
2.8042874e-01,  0.0000000e+00, -2.1547364e-02
2.0509734e-01,  0.0000000e+00, -1.9495548e-02
2.0603872e-01,  0.0000000e+00,  2.0456418e-02
2.8289382e-01,  0.0000000e+00,  2.0654284e-02
2.6298263e-01,  0.0000000e+00, -2.7023262e-02
1.9932846e-01,  0.0000000e+00, -1.3422400e-02
2.1150132e-01,  0.0000000e+00,  2.5901707e-02
2.9532212e-01,  1.0842022e-19,  1.5319247e-02
2.5055595e-01,  0.0000000e+00, -2.9233885e-02
1.9744001e-01,  1.0842022e-19, -8.3861865e-03
2.1822101e-01,  0.0000000e+00,  2.8550108e-02
3.0277648e-01, -5.4210109e-20,  8.0062635e-03
2.3662118e-01,  1.0842022e-19, -2.9595584e-02
1.9786948e-01,  1.0842022e-19, -1.1892304e-03
2.3195648e-01,  0.0000000e+00,  2.9551509e-02
3.0436297e-01, -2.7105054e-20, -4.8157802e-03
2.2119401e-01, -1.0842022e-19, -2.9027976e-02
1.9738156e-01,  0.0000000e+00,  6.6670797e-03
2.4701286e-01, -5.4210109e-20,  2.9504116e-02
2.9783541e-01,  0.0000000e+00, -1.3659104e-02
2.1309669e-01,  0.0000000e+00, -2.6958607e-02
1.9831466e-01,  0.0000000e+00,  1.1901339e-02
2.5870953e-01,  0.0000000e+00,  2.8045251e-02
2.8775683e-01,  0.0000000e+00, -1.8884539e-02
2.0789097e-01,  0.0000000e+00, -2.2544795e-02
2.0285765e-01,  1.0842022e-19,  1.7383142e-02
2.7448847e-01, -5.4210109e-20,  2.3647406e-02
2.7087565e-01,  1.0842022e-19, -2.4829581e-02
2.0159470e-01,  0.0000000e+00, -1.6162836e-02
2.0891015e-01,  2.7105054e-20,  2.3687796e-02
2.9026047e-01,  0.0000000e+00,  1.7906044e-02
2.5642690e-01, -6.7762636e-21, -2.8513870e-02
1.9787459e-01,  0.0000000e+00, -1.1038933e-02
2.1412043e-01,  0.0000000e+00,  2.7477667e-02
2.9918196e-01,  0.0000000e+00,  1.2561320e-02
2.4478346e-01, -1.0842022e-19, -2.9606696e-02
1.9742044e-01,  5.4210109e-20, -5.5382052e-03
2.2327225e-01,  0.0000000e+00,  2.9251977e-02
3.0500631e-01,  0.0000000e+00,  2.7021827e-03
2.2924407e-01,  0.0000000e+00, -2.9517746e-02
1.9775133e-01,  2.7105054e-20,  2.5303564e-03
2.3914934e-01,  0.0000000e+00,  2.9626446e-02
3.0178859e-01,  0.0000000e+00, -9.5339746e-03
2.1684501e-01,  0.0000000e+00, -2.8276422e-02
1.9749094e-01,  0.0000000e+00,  9.2117006e-03
2.5227954e-01,  0.0000000e+00,  2.9077183e-02
2.9400633e-01,  0.0000000e+00, -1.6092859e-02
2.1074423e-01,  1.3552527e-20, -2.5344685e-02
1.9987087e-01,  5.4210109e-20,  1.4171143e-02
2.6509600e-01,  0.0000000e+00,  2.6484475e-02
2.8057082e-01,  0.0000000e+00, -2.1496249e-02
2.0515137e-01,  0.0000000e+00, -1.9549211e-02
2.0598785e-01,  0.0000000e+00,  2.0402904e-02
2.8276082e-01,  0.0000000e+00,  2.0702729e-02
2.6310259e-01,  0.0000000e+00, -2.6993457e-02
1.9935839e-01, -2.7105054e-20, -1.3465194e-02
2.1145736e-01, -1.0842022e-19,  2.5870682e-02
2.9524892e-01,  0.0000000e+00,  1.5364718e-02
2.5065649e-01,  0.0000000e+00, -2.9225561e-02
1.9744193e-01, -1.0842022e-19, -8.4347944e-03
2.1813877e-01,  0.0000000e+00,  2.8535036e-02
3.0272238e-01,  0.0000000e+00,  8.0973346e-03
2.3676602e-01,  0.0000000e+00, -2.9597571e-02
1.9786442e-01,  0.0000000e+00, -1.2655190e-03
2.3180238e-01,  0.0000000e+00,  2.9550375e-02
3.0440695e-01,  0.0000000e+00, -4.7012689e-03
2.2130379e-01,  0.0000000e+00, -2.9042588e-02
1.9738118e-01,  0.0000000e+00,  6.6053096e-03
2.4688798e-01, -1.3552527e-20,  2.9511922e-02
2.9791780e-01,  0.0000000e+00, -1.3598474e-02
2.1315398e-01,  1.0842022e-19, -2.6992337e-02
1.9828343e-01,  0.0000000e+00,  1.1849386e-02
2.5856609e-01,  0.0000000e+00,  2.8077191e-02
2.8791947e-01,  0.0000000e+00, -1.8823768e-02
2.0795451e-01,  0.0000000e+00, -2.2618407e-02
2.0277601e-01,  1.0842022e-19,  1.7306730e-02
2.7426380e-01,  0.0000000e+00,  2.3723630e-02
2.7109593e-01,  0.0000000e+00, -2.4760450e-02
2.0166822e-01,  1.0842022e-19, -1.6237179e-02
2.0884680e-01,  0.0000000e+00,  2.3620541e-02
2.9011360e-01,  0.0000000e+00,  1.7967068e-02
2.5656772e-01,  0.0000000e+00, -2.8487954e-02
1.9789739e-01, -1.0842022e-19, -1.1095002e-02
2.1404816e-01,  0.0000000e+00,  2.7446937e-02
2.9909633e-01,  0.0000000e+00,  1.2639701e-02
2.4493975e-01, -5.4210109e-20, -2.9602075e-02
1.9741445e-01,  0.0000000e+00, -5.6194601e-03
2.2311773e-01,  0.0000000e+00,  2.9238870e-02
3.0497228e-01, -1.0842022e-19,  2.8553166e-03
2.2943187e-01, -1.0842022e-19, -2.9521276e-02
1.9776068e-01,  0.0000000e+00,  2.4374294e-03
2.3897496e-01,  0.0000000e+00,  2.9624750e-02
3.0185969e-01,  0.0000000e+00, -9.4326548e-03
2.1693542e-01,  0.0000000e+00, -2.8296313e-02
1.9748592e-01,  0.0000000e+00,  9.1559608e-03
2.5216157e-01,  1.0842022e-19,  2.9089036e-02
2.9410003e-01,  0.0000000e+00, -1.6040300e-02
2.1079614e-01,  0.0000000e+00, -2.5384881e-02
1.9983111e-01,  0.0000000e+00,  1.4118597e-02
2.6494677e-01,  0.0000000e+00,  2.6523648e-02
2.8073337e-01,  2.7105054e-20, -2.1437531e-02
2.0521352e-01,  0.0000000e+00, -1.9611090e-02
2.0592875e-01,  0.0000000e+00,  2.0341171e-02
2.8260592e-01,  0.0000000e+00,  2.0758894e-02
2.6324200e-01,  1.0842022e-19, -2.6958771e-02
1.9939320e-01,  0.0000000e+00, -1.3514846e-02
2.1140593e-01, -1.0842022e-19,  2.5834653e-02
2.9516216e-01,  5.4210109e-20,  1.5417396e-02
2.5077278e-01,  1.0842022e-19, -2.9215832e-02
1.9744428e-01,  0.0000000e+00, -8.4911191e-03
2.1804305e-01,  1.0842022e-19,  2.8517493e-02
3.0265960e-01,  0.0000000e+00,  8.2028091e-03
2.3693487e-01,  0.0000000e+00, -2.9599880e-02
1.9785791e-01,  0.0000000e+00, -1.3544854e-03
2.3162284e-01,  0.0000000e+00,  2.9548952e-02
3.0445758e-01,  0.0000000e+00, -4.5668107e-03
