   1.9738242e-01   0.0000000e+00   6.8825957e-03
   2.4744904e-01   2.7105054e-20   2.9476974e-02
   2.9754821e-01   0.0000000e+00  -1.3868736e-02
   2.1289770e-01   2.7105054e-20  -2.6841452e-02
   1.9842246e-01   0.0000000e+00   1.2081159e-02
   2.5920361e-01   1.0842022e-19   2.7934544e-02
   2.8719651e-01  -1.0842022e-19  -1.9093681e-02
   2.0767295e-01   1.0842022e-19  -2.2293365e-02
   2.0313473e-01   0.0000000e+00   1.7643248e-02
   2.7524796e-01  -2.1684043e-19   2.3388608e-02
   2.7013703e-01   0.0000000e+00  -2.5059028e-02
   2.0135082e-01   0.0000000e+00  -1.5914257e-02
   2.0912170e-01  -1.0842022e-19   2.3910960e-02
   2.9074814e-01   0.0000000e+00   1.7701260e-02
   2.5595366e-01   0.0000000e+00  -2.8598626e-02
   1.9780092e-01   0.0000000e+00  -1.0849679e-02
   2.1436700e-01   2.7105054e-20   2.7579460e-02
   2.9947059e-01   0.0000000e+00   1.2292118e-02
   2.4425030e-01   0.0000000e+00  -2.9621085e-02
   1.9744160e-01   0.0000000e+00  -5.2606009e-03
   2.2380142e-01   0.0000000e+00   2.9294647e-02
   3.0510970e-01   0.0000000e+00   2.1815003e-03
   2.2861392e-01   1.0842022e-19  -2.9505446e-02
   1.9771622e-01   0.0000000e+00   2.8409670e-03
   2.3972762e-01   0.0000000e+00   2.9632702e-02
   3.0155186e-01   0.0000000e+00  -9.8667918e-03
   2.1654667e-01   0.0000000e+00  -2.8211311e-02
   1.9750614e-01  -1.0842022e-19   9.3941059e-03
   2.5266463e-01   0.0000000e+00   2.9038981e-02
   2.9370122e-01   0.0000000e+00  -1.6263375e-02
   2.1057563e-01   0.0000000e+00  -2.5215329e-02
   1.9999772e-01  -5.4210109e-20   1.4340267e-02
   2.6557433e-01   0.0000000e+00   2.6359346e-02
   2.8005548e-01   0.0000000e+00  -2.1683387e-02
   2.0495273e-01   0.0000000e+00  -1.9355952e-02
   2.0616836e-01   0.0000000e+00   2.0596705e-02
   2.8323862e-01   0.0000000e+00   2.0530533e-02
   2.6267678e-01   1.0842022e-19  -2.7100338e-02
   1.9925098e-01  -5.4210109e-20  -1.3314859e-02
   2.1160979e-01   0.0000000e+00   2.5980516e-02
   2.9550633e-01   0.0000000e+00   1.5207911e-02
   2.5031235e-01   0.0000000e+00  -2.9255558e-02
   1.9743273e-01   0.0000000e+00  -8.2695645e-03
   2.1841682e-01  -1.0842022e-19   2.8587030e-02
   3.0290499e-01   0.0000000e+00   7.7911326e-03
   2.3628204e-01  -3.3881318e-21  -2.9592050e-02
   1.9787870e-01   0.0000000e+00  -1.0122066e-03
   2.3231064e-01   0.0000000e+00   2.9555046e-02
   3.0426000e-01   0.0000000e+00  -5.0769665e-03
   2.2094400e-01  -2.7105054e-20  -2.8995166e-02
   1.9738141e-01   0.0000000e+00   6.8067103e-03
   2.4729462e-01   0.0000000e+00   2.9487119e-02
   2.9765140e-01   0.0000000e+00  -1.3794573e-02
   2.1296834e-01   0.0000000e+00  -2.6884144e-02
   1.9838245e-01   1.0842022e-19   1.2016469e-02
   2.5902479e-01  -1.0842022e-19   2.7975236e-02
   2.8740079e-01  -1.3552527e-20  -1.9017971e-02
   2.0775183e-01   0.0000000e+00  -2.2384980e-02
   2.0303355e-01   5.4210109e-20   1.7548926e-02
   2.7497279e-01   1.0842022e-19   2.3482969e-02
   2.7040430e-01   0.0000000e+00  -2.4976699e-02
   2.0143810e-01   0.0000000e+00  -1.6004540e-02
   2.0904420e-01  -1.0842022e-19   2.3830552e-02
   2.9057199e-01  -1.0842022e-19   1.7776450e-02
   2.5612755e-01   0.0000000e+00  -2.8568410e-02
   1.9782662e-01   0.0000000e+00  -1.0920029e-02
   2.1427399e-01   6.7762636e-21   2.7542412e-02
   2.9936396e-01   0.0000000e+00   1.2394286e-02
   2.4445236e-01  -2.7105054e-20  -2.9616335e-02
   1.9743295e-01   0.0000000e+00  -5.3662690e-03
   2.2359878e-01   2.7105054e-20   2.9279159e-02
   3.0507331e-01   5.4210109e-20   2.3800831e-03
   2.2885281e-01  -2.7105054e-20  -2.9510574e-02
   1.9772928e-01   0.0000000e+00   2.7230568e-03
   2.3950789e-01   0.0000000e+00   2.9630640e-02
   3.0164315e-01   0.0000000e+00  -9.7409459e-03
   2.1665938e-01   0.0000000e+00  -2.8236696e-02
   1.9749941e-01   0.0000000e+00   9.3245083e-03
   2.5251668e-01   0.0000000e+00   2.9054238e-02
   2.9382061e-01  -1.0842022e-19  -1.6197805e-02
   2.1064070e-01  -6.7762636e-21  -2.5266221e-02
   1.9994733e-01  -5.4210109e-20   1.4274317e-02
   2.6538665e-01   0.0000000e+00   2.6408901e-02
   2.8025800e-01   0.0000000e+00  -2.1610200e-02
   2.0503032e-01   0.0000000e+00  -1.9431820e-02
   2.0609749e-01   0.0000000e+00   2.0520862e-02
   2.8305168e-01   0.0000000e+00   2.0598157e-02
   2.6284368e-01  -2.7105054e-20  -2.7058841e-02
   1.9929261e-01  -2.7105054e-20  -1.3374126e-02
   2.1154910e-01  -3.3881318e-21   2.5937591e-02
   2.9540538e-01   0.0000000e+00   1.5270559e-02
   2.5044953e-01   0.0000000e+00  -2.9244032e-02
   1.9743578e-01   0.0000000e+00  -8.3359965e-03
   2.1830407e-01   5.4210109e-20   2.8566567e-02
   3.0283277e-01   0.0000000e+00   7.9150636e-03
   2.3647694e-01   0.0000000e+00  -2.9594513e-02
   1.9787262e-01  -1.0842022e-19  -1.1143741e-03
   2.3210572e-01   1.0842022e-19   2.9553419e-02
   3.0432100e-01   0.0000000e+00  -4.9260255e-03
   2.2108862e-01   0.0000000e+00  -2.9014831e-02
   1.9738054e-01  -5.4210109e-20   6.7253910e-03
   2.4712905e-01   1.0842022e-19   2.9497773e-02
   2.9776155e-01   0.0000000e+00  -1.3714979e-02
   2.1304415e-01   1.6940659e-21  -2.6929325e-02
   1.9834039e-01   0.0000000e+00   1.1947523e-02
   2.5883394e-01   0.0000000e+00   2.8018224e-02
   2.8761756e-01   0.0000000e+00  -1.8937319e-02
   2.0783587e-01   5.4210109e-20  -2.2482647e-02
   2.0292555e-01   0.0000000e+00   1.7448063e-02
   2.7467759e-01   0.0000000e+00   2.3583768e-02
   2.7069206e-01  -5.4210109e-20  -2.4887412e-02
   2.0153285e-01   0.0000000e+00  -1.6101636e-02
   2.0896146e-01   0.0000000e+00   2.3743478e-02
   2.9038165e-01   1.0842022e-19   1.7856784e-02
   2.5631296e-01  -5.4210109e-20  -2.8535385e-02
   1.9785513e-01   0.0000000e+00  -1.0994614e-02
   2.1417605e-01   0.0000000e+00   2.7502511e-02
   2.9925047e-01   0.0000000e+00   1.2500926e-02
   2.4466376e-01   0.0000000e+00  -2.9610838e-02
   1.9742423e-01   0.0000000e+00  -5.4766657e-03
   2.2338813e-01   1.0842022e-19   2.9262288e-02
   3.0503217e-01   0.0000000e+00   2.5878082e-03
   2.2910474e-01   0.0000000e+00  -2.9515664e-02
   1.9774320e-01   1.0842022e-19   2.5986438e-03
   2.3927570e-01   1.0842022e-19   2.9628393e-02
   3.0173888e-01   0.0000000e+00  -9.6070529e-03
   2.1677963e-01   0.0000000e+00  -2.8263297e-02
   1.9749254e-01  -1.0842022e-19   9.2506644e-03
   2.5235960e-01   5.4210109e-20   2.9070194e-02
   2.9394591e-01   0.0000000e+00  -1.6128271e-02
   2.1070961e-01   0.0000000e+00  -2.5319807e-02
   1.9989431e-01   5.4210109e-20   1.4204602e-02
   2.6518860e-01   0.0000000e+00   2.6461067e-02
   2.8047239e-01   0.0000000e+00  -2.1532619e-02
   2.0511262e-01   0.0000000e+00  -1.9512742e-02
   2.0602143e-01   0.0000000e+00   2.0439991e-02
   2.8285101e-01   0.0000000e+00   2.0670826e-02
   2.6302338e-01  -1.0842022e-19  -2.7014125e-02
   1.9933734e-01   2.7105054e-20  -1.3438015e-02
   2.1148344e-01  -1.0842022e-19   2.5891272e-02
   2.9529479e-01   0.0000000e+00   1.5338170e-02
   2.5059825e-01   0.0000000e+00  -2.9231555e-02
   1.9743890e-01   0.0000000e+00  -8.4078962e-03
   2.1818237e-01   0.0000000e+00   2.8544256e-02
   3.0275349e-01   0.0000000e+00   8.0493698e-03
   2.3668982e-01   0.0000000e+00  -2.9597291e-02
   1.9786567e-01   0.0000000e+00  -1.2261811e-03
   2.3188034e-01   1.0842022e-19   2.9551668e-02
   3.0438626e-01   0.0000000e+00  -4.7592175e-03
   2.2124824e-01   0.0000000e+00  -2.9036202e-02
   1.9737992e-01   0.0000000e+00   6.6355470e-03
   2.4694716e-01   2.7105054e-20   2.9509167e-02
   2.9788210e-01   1.0842022e-19  -1.3626979e-02
   2.1312735e-01  -1.0842022e-19  -2.6978458e-02
   1.9829507e-01   0.0000000e+00   1.1871985e-02
   2.5862577e-01   0.0000000e+00   2.8064744e-02
   2.8785381e-01   5.4210109e-20  -1.8849073e-02
   2.0792809e-01   0.0000000e+00  -2.2589412e-02
   2.0280742e-01   1.0842022e-19   1.7337378e-02
   2.7435254e-01   0.0000000e+00   2.3694159e-02
   2.7100996e-01  -5.4210109e-20  -2.4787966e-02
   2.0163876e-01   0.0000000e+00  -1.6208815e-02
   2.0887003e-01   2.7105054e-20   2.3646736e-02
   2.9016988e-01   0.0000000e+00   1.7944871e-02
   2.5651666e-01  -1.0842022e-19  -2.8498233e-02
   1.9788772e-01   1.0842022e-19  -1.1075667e-02
   2.1407131e-01   0.0000000e+00   2.7458304e-02
   2.9912599e-01   0.0000000e+00   1.2614814e-02
   2.4489035e-01   1.0842022e-19  -2.9604307e-02
   1.9741506e-01   0.0000000e+00  -5.5946117e-03
   2.2316357e-01   0.0000000e+00   2.9243500e-02
   3.0498441e-01   1.0842022e-19   2.8098794e-03
   2.2937611e-01   0.0000000e+00  -2.9520820e-02
   1.9775701e-01   0.0000000e+00   2.4644291e-03
   2.3902434e-01  -1.0842022e-19   2.9625883e-02
   3.0184148e-01  -1.0842022e-19  -9.4613031e-03
   2.1691002e-01   1.0842022e-19  -2.8291884e-02
   1.9748550e-01   0.0000000e+00   9.1705388e-03
   2.5219038e-01   0.0000000e+00   2.9087174e-02
   2.9408026e-01   0.0000000e+00  -1.6052853e-02
   2.1078409e-01  -1.0842022e-19  -2.5377408e-02
   1.9983736e-01   0.0000000e+00   1.4129336e-02
   2.6497518e-01  -1.0842022e-19   2.6517094e-02
   2.8070466e-01   0.0000000e+00  -2.1448645e-02
   2.0520173e-01   0.0000000e+00  -1.9600865e-02
   2.0593753e-01   0.0000000e+00   2.0351987e-02
   2.8263140e-01   1.0842022e-19   2.0750515e-02
   2.6322129e-01   1.0842022e-19  -2.6964828e-02
   1.9938665e-01   0.0000000e+00  -1.3508320e-02
   2.1141104e-01   0.0000000e+00   2.5840172e-02
   2.9517307e-01   1.0842022e-19   1.5412451e-02
   2.5076242e-01  -1.0842022e-19  -2.9217711e-02
   1.9744243e-01   0.0000000e+00  -8.4871143e-03
   2.1804824e-01   0.0000000e+00   2.8519497e-02
   3.0266459e-01  -8.4703295e-22   8.1974129e-03
   2.3692641e-01   0.0000000e+00  -2.9600424e-02
   1.9785709e-01   0.0000000e+00  -1.3506937e-03
   2.3162926e-01   5.4210109e-20   2.9549607e-02
   3.0445705e-01   0.0000000e+00  -4.5715375e-03
   2.2142897e-01   0.0000000e+00  -2.9059601e-02
   1.9737975e-01   0.0000000e+00   6.5345562e-03
   2.4674298e-01   0.0000000e+00   2.9521481e-02
   2.9801526e-01   0.0000000e+00  -1.3528094e-02
   2.1322059e-01  -1.0842022e-19  -2.7032436e-02
   1.9824576e-01  -1.0842022e-19   1.1788098e-02
   2.5839601e-01  -1.0842022e-19   2.8115555e-02
   2.8811411e-01  -5.4210109e-20  -1.8751319e-02
   2.0803075e-01  -1.0842022e-19  -2.2707348e-02
   2.0267697e-01  -2.1684043e-19   1.7214482e-02
   2.7399090e-01   0.0000000e+00   2.3816291e-02
   2.7136545e-01   2.7105054e-20  -2.4675789e-02
   2.0175857e-01   1.0842022e-19  -1.6328497e-02
   2.0876851e-01  -5.4210109e-20   2.3537850e-02
   2.8993163e-01  -1.3552527e-20   1.8042546e-02
   2.5674337e-01   0.0000000e+00  -2.8455879e-02
   1.9792554e-01   0.0000000e+00  -1.1164677e-02
   2.1395833e-01   0.0000000e+00   2.7408712e-02
   2.9898888e-01  -1.3552527e-20   1.2737409e-02
   2.4513577e-01  -2.7105054e-20  -2.9596408e-02
   1.9740657e-01   1.0842022e-19  -5.7215112e-03
   2.2292395e-01   5.4210109e-20   2.9222252e-02
   3.0492714e-01   1.0842022e-19   3.0488591e-03
   2.2967151e-01   0.0000000e+00  -2.9525956e-02
   1.9777186e-01   0.0000000e+00   2.3185457e-03
   2.3875086e-01   0.0000000e+00   2.9623014e-02
   3.0195210e-01   0.0000000e+00  -9.3013621e-03
   2.1705326e-01   0.0000000e+00  -2.8322683e-02
   1.9747831e-01   1.0842022e-19   9.0829431e-03
   2.5200483e-01   1.0842022e-19   2.9105366e-02
   2.9422597e-01  -1.0842022e-19  -1.5970478e-02
   2.1086526e-01   0.0000000e+00  -2.5439605e-02
   1.9977603e-01   0.0000000e+00   1.4047593e-02
   2.6474311e-01  -2.7105054e-20   2.6577566e-02
   2.8095749e-01   5.4210109e-20  -2.1357247e-02
   2.0529806e-01   0.0000000e+00  -1.9697418e-02
   2.0584479e-01   0.0000000e+00   2.0255636e-02
   2.8238941e-01   0.0000000e+00   2.0838381e-02
   2.6344001e-01   0.0000000e+00  -2.6910141e-02
   1.9944138e-01   2.7105054e-20  -1.3586039e-02
   2.1133128e-01   0.0000000e+00   2.5783445e-02
   2.9503834e-01   0.0000000e+00   1.5494308e-02
   2.5094314e-01   0.0000000e+00  -2.9202278e-02
   1.9744653e-01   0.0000000e+00  -8.5745804e-03
   2.1790015e-01   0.0000000e+00   2.8491886e-02
   3.0256470e-01   1.0842022e-19   8.3607712e-03
   2.3718987e-01  -2.7105054e-20  -2.9603918e-02
   1.9784634e-01   0.0000000e+00  -1.4895855e-03
   2.3134911e-01   0.0000000e+00   2.9547115e-02
   3.0453371e-01  -5.4210109e-20  -4.3598845e-03
   2.2163400e-01   0.0000000e+00  -2.9085113e-02
   1.9738061e-01   0.0000000e+00   6.4208444e-03
   2.4651418e-01   0.0000000e+00   2.9534597e-02
   2.9816162e-01  -1.3552527e-20  -1.3416880e-02
   2.1332537e-01   0.0000000e+00  -2.7091429e-02
   1.9819270e-01   0.0000000e+00   1.1695176e-02
   2.5814341e-01   2.1684043e-19   2.8170656e-02
   2.8839910e-01   0.0000000e+00  -1.8643490e-02
   2.0814282e-01   0.0000000e+00  -2.2837012e-02
   2.0253296e-01  -2.7105054e-20   1.7078852e-02
   2.7359090e-01   0.0000000e+00   2.3950549e-02
   2.7176060e-01  -1.0842022e-19  -2.4549802e-02
   2.0189234e-01  -2.7105054e-20  -1.6461634e-02
   2.0865667e-01   0.0000000e+00   2.3415740e-02
   2.8966511e-01  -1.3552527e-20   1.8150331e-02
   2.5699304e-01   0.0000000e+00  -2.8407782e-02
   1.9796918e-01   0.0000000e+00  -1.1261890e-02
   2.1383734e-01   0.0000000e+00   2.7353304e-02
   2.9883864e-01   0.0000000e+00   1.2868331e-02
   2.4539908e-01   1.0842022e-19  -2.9586938e-02
   1.9739909e-01  -1.0842022e-19  -5.8568512e-03
   2.2267052e-01  -1.0842022e-19   2.9198371e-02
   3.0486219e-01   0.0000000e+00   3.3035986e-03
   2.2999014e-01   0.0000000e+00  -2.9530963e-02
   1.9778746e-01   0.0000000e+00   2.1613521e-03
   2.3845594e-01   0.0000000e+00   2.9619740e-02
   3.0207026e-01   0.0000000e+00  -9.1272226e-03
   2.1720970e-01   0.0000000e+00  -2.8355495e-02
   1.9747119e-01   0.0000000e+00   8.9879792e-03
   2.5180531e-01  -1.3552527e-20   2.9124564e-02
   2.9438214e-01   0.0000000e+00  -1.5881295e-02
   2.1095307e-01   1.0842022e-19  -2.5506042e-02
   1.9971081e-01  -5.4210109e-20   1.3959727e-02
   2.6449386e-01   0.0000000e+00   2.6642073e-02
   2.8122977e-01   0.0000000e+00  -2.1258789e-02
   2.0540178e-01   0.0000000e+00  -1.9802056e-02
   2.0574388e-01   0.0000000e+00   2.0151163e-02
   2.8212526e-01  -1.0842022e-19   2.0934257e-02
   2.6367888e-01   0.0000000e+00  -2.6850002e-02
   1.9950163e-01   0.0000000e+00  -1.3671034e-02
   2.1124441e-01   0.0000000e+00   2.5721062e-02
   2.9489054e-01   1.0842022e-19   1.5583373e-02
   2.5114101e-01   0.0000000e+00  -2.9185127e-02
   1.9745138e-01   0.0000000e+00  -8.6698281e-03
   2.1773978e-01   0.0000000e+00   2.8461345e-02
   3.0245380e-01   1.0842022e-19   8.5383567e-03
   2.3747898e-01   0.0000000e+00  -2.9607702e-02
   1.9783465e-01   0.0000000e+00  -1.6422984e-03
   2.3104037e-01   1.0842022e-19   2.9544125e-02
   3.0461555e-01  -1.3552527e-20  -4.1244265e-03
   2.2186271e-01   0.0000000e+00  -2.9112446e-02
   1.9738308e-01   0.0000000e+00   6.2946113e-03
   2.4626215e-01  -6.7762636e-21   2.9548157e-02
   2.9832049e-01   1.3552527e-20  -1.3293642e-02
   2.1344107e-01  -1.0842022e-19  -2.7154526e-02
   1.9813694e-01   0.0000000e+00   1.1594128e-02
   2.5787024e-01   2.7105054e-20   2.8229040e-02
   2.8870433e-01   0.0000000e+00  -1.8526923e-02
   2.0826461e-01  -1.0842022e-19  -2.2976181e-02
   2.0237837e-01   0.0000000e+00   1.6932248e-02
   2.7315682e-01   0.0000000e+00   2.4094816e-02
   2.7219063e-01  -5.4210109e-20  -2.4411218e-02
   2.0204011e-01   0.0000000e+00  -1.6606529e-02
   2.0853569e-01  -2.7105054e-20   2.3281654e-02
   2.8937253e-01  -1.0842022e-19   1.8266889e-02
   2.5726373e-01   0.0000000e+00  -2.8354181e-02
   1.9801861e-01   1.0842022e-19  -1.1365859e-02
   2.1371057e-01   0.0000000e+00   2.7292623e-02
   2.9867750e-01   0.0000000e+00   1.3004985e-02
   2.4567465e-01   0.0000000e+00  -2.9575855e-02
   1.9739207e-01   0.0000000e+00  -5.9978846e-03
   2.2240762e-01   0.0000000e+00   2.9172218e-02
   3.0478858e-01   1.0842022e-19   3.5686466e-03
   2.3032460e-01   0.0000000e+00  -2.9535736e-02
   1.9780310e-01   0.0000000e+00   1.9959049e-03
