   3.0420167e-01   0.0000000e+00  -5.2162443e-03
   2.2081100e-01  -5.4210109e-20  -2.8976261e-02
   1.9738327e-01   0.0000000e+00   6.8822111e-03
   2.4744926e-01   0.0000000e+00   2.9476513e-02
   2.9754685e-01  -2.7105054e-20  -1.3868918e-02
   2.1289744e-01   0.0000000e+00  -2.6840408e-02
   1.9842384e-01   0.0000000e+00   1.2082198e-02
   2.5920765e-01   0.0000000e+00   2.7933236e-02
   2.8719074e-01   0.0000000e+00  -1.9095403e-02
   2.0767098e-01   0.0000000e+00  -2.2290536e-02
   2.0313829e-01   0.0000000e+00   1.7645929e-02
   2.7525635e-01   0.0000000e+00   2.3385406e-02
   2.7012813e-01   5.4210109e-20  -2.5061477e-02
   2.0134830e-01   0.0000000e+00  -1.5910981e-02
   2.0912495e-01   0.0000000e+00   2.3913627e-02
   2.9075463e-01   0.0000000e+00   1.7697987e-02
   2.5594598e-01   0.0000000e+00  -2.8599541e-02
   1.9780041e-01   0.0000000e+00  -1.0846109e-02
   2.1437253e-01   0.0000000e+00   2.7580979e-02
   2.9947616e-01   0.0000000e+00   1.2285934e-02
   2.4423797e-01   0.0000000e+00  -2.9621027e-02
   1.9744269e-01   0.0000000e+00  -5.2537870e-03
   2.2381511e-01   1.0842022e-19   2.9295361e-02
   3.0511163e-01   1.0842022e-19   2.1680831e-03
   2.2859778e-01  -5.4210109e-20  -2.9504825e-02
   1.9771581e-01   0.0000000e+00   2.8491897e-03
   2.3974354e-01   0.0000000e+00   2.9632541e-02
   3.0154451e-01   0.0000000e+00  -9.8759214e-03
   2.1653840e-01   0.0000000e+00  -2.8208901e-02
   1.9750749e-01   0.0000000e+00   9.3997202e-03
   2.5267765e-01   0.0000000e+00   2.9037156e-02
   2.9368921e-01   0.0000000e+00  -1.6269227e-02
   2.1056993e-01   6.7762636e-21  -2.5209771e-02
   2.0000380e-01   0.0000000e+00   1.4346993e-02
   2.6559455e-01   0.0000000e+00   2.6353599e-02
   2.8003265e-01   0.0000000e+00  -2.1691255e-02
   2.0494444e-01   0.0000000e+00  -1.9347129e-02
   2.0617695e-01   0.0000000e+00   2.0605247e-02
   2.8326041e-01  -1.0842022e-19   2.0522238e-02
   2.6265627e-01   0.0000000e+00  -2.7104983e-02
   1.9924663e-01   0.0000000e+00  -1.3307151e-02
   2.1161861e-01   1.3552527e-20   2.5985683e-02
   2.9551975e-01   0.0000000e+00   1.5198764e-02
   2.5029213e-01   0.0000000e+00  -2.9256752e-02
   1.9743315e-01   5.4210109e-20  -8.2592422e-03
   2.1843518e-01   0.0000000e+00   2.8589815e-02
   3.0291614e-01   0.0000000e+00   7.7708265e-03
   2.3625007e-01   1.0842022e-19  -2.9591326e-02
   1.9788033e-01   0.0000000e+00  -9.9516123e-04
   2.3234545e-01  -2.7105054e-20   2.9554993e-02
   3.0424907e-01  -1.0842022e-19  -5.1025371e-03
   2.2091957e-01   2.7105054e-20  -2.8991341e-02
   1.9738246e-01   0.0000000e+00   6.8209494e-03
   2.4732447e-01   0.0000000e+00   2.9484751e-02
   2.9763007e-01   0.0000000e+00  -1.3809038e-02
   2.1295463e-01  -6.7762636e-21  -2.6874947e-02
   1.9839130e-01   0.0000000e+00   1.2029904e-02
   2.5906310e-01   0.0000000e+00   2.7966190e-02
   2.8735594e-01   2.7105054e-20  -1.9034185e-02
   2.0773520e-01   0.0000000e+00  -2.2364592e-02
   2.0305652e-01   2.7105054e-20   1.7569652e-02
   2.7503387e-01   0.0000000e+00   2.3461739e-02
   2.7034418e-01   0.0000000e+00  -2.4995025e-02
   2.0141876e-01   0.0000000e+00  -1.5983959e-02
   2.0906221e-01   0.0000000e+00   2.3848700e-02
   2.9061257e-01   1.0842022e-19   1.7758839e-02
   2.5608686e-01   0.0000000e+00  -2.8575178e-02
   1.9782105e-01  -5.4210109e-20  -1.0903137e-02
   2.1429700e-01   1.0842022e-19   2.7551031e-02
   2.9939018e-01   0.0000000e+00   1.2368952e-02
   2.4440215e-01   1.3552527e-20  -2.9617233e-02
   1.9743542e-01  -1.0842022e-19  -5.3396577e-03
   2.2365036e-01   0.0000000e+00   2.9282862e-02
   3.0508243e-01   1.0842022e-19   2.3294293e-03
   2.2879170e-01   0.0000000e+00  -2.9509029e-02
   1.9772632e-01   0.0000000e+00   2.7535120e-03
   2.3956532e-01   0.0000000e+00   2.9630890e-02
   3.0161892e-01   0.0000000e+00  -9.7739235e-03
   2.1662978e-01   0.0000000e+00  -2.8229530e-02
   1.9750195e-01   0.0000000e+00   9.3432670e-03
   2.5255758e-01   0.0000000e+00   2.9049580e-02
   2.9378658e-01  -1.0842022e-19  -1.6216014e-02
   2.1062262e-01   0.0000000e+00  -2.5251160e-02
   1.9996285e-01   0.0000000e+00   1.4293414e-02
   2.6544198e-01   0.0000000e+00   2.6393916e-02
   2.8019693e-01  -2.7105054e-20  -2.1631826e-02
   2.0500735e-01   0.0000000e+00  -1.9408689e-02
   2.0611948e-01  -1.0842022e-19   2.0543722e-02
   2.8310870e-01   0.0000000e+00   2.0577058e-02
   2.6279147e-01   0.0000000e+00  -2.7071396e-02
   1.9928044e-01   0.0000000e+00  -1.3355157e-02
   2.1156929e-01   0.0000000e+00   2.5950949e-02
   2.9543815e-01  -6.7762636e-21   1.5249565e-02
   2.5040317e-01  -1.0842022e-19  -2.9247435e-02
   1.9743563e-01   0.0000000e+00  -8.3130939e-03
   2.1834377e-01   0.0000000e+00   2.8573266e-02
   3.0285817e-01   0.0000000e+00   7.8713040e-03
   2.3640775e-01   0.0000000e+00  -2.9593319e-02
   1.9787545e-01   0.0000000e+00  -1.0778168e-03
   2.3217967e-01   0.0000000e+00   2.9553701e-02
   3.0429914e-01   1.0842022e-19  -4.9806967e-03
   2.2103607e-01  -2.1684043e-19  -2.9007331e-02
   1.9738172e-01   0.0000000e+00   6.7552729e-03
   2.4719066e-01   5.4210109e-20   2.9493443e-02
   2.9771978e-01   0.0000000e+00  -1.3744733e-02
   2.1301565e-01   1.0842022e-19  -2.6911694e-02
   1.9835695e-01  -1.0842022e-19   1.1974033e-02
   2.5890804e-01   0.0000000e+00   2.8001177e-02
   2.8753186e-01   0.0000000e+00  -1.8968777e-02
   2.0780332e-01   0.0000000e+00  -2.2443849e-02
   2.0296887e-01   0.0000000e+00   1.7487915e-02
   2.7479486e-01   2.7105054e-20   2.3543497e-02
   2.7057700e-01  -1.0842022e-19  -2.4922977e-02
   2.0149517e-01   5.4210109e-20  -1.6062565e-02
   2.0899493e-01   1.0842022e-19   2.3778404e-02
   2.9045838e-01   0.0000000e+00   1.7824054e-02
   2.5623708e-01   0.0000000e+00  -2.8548600e-02
   1.9784393e-01   0.0000000e+00  -1.0963864e-02
   2.1421678e-01   0.0000000e+00   2.7518771e-02
   2.9929702e-01  -2.7105054e-20   1.2456301e-02
   2.4457494e-01   0.0000000e+00  -2.9612907e-02
   1.9742819e-01   0.0000000e+00  -5.4300729e-03
   2.2347747e-01   0.0000000e+00   2.9269250e-02
   3.0504934e-01   0.0000000e+00   2.4995296e-03
   2.2899734e-01  -1.0842022e-19  -2.9513298e-02
   1.9773752e-01   0.0000000e+00   2.6519246e-03
   2.3937570e-01   0.0000000e+00   2.9629099e-02
   3.0169775e-01   3.3881318e-21  -9.6648822e-03
   2.1672792e-01   0.0000000e+00  -2.8251327e-02
   1.9749622e-01  -5.4210109e-20   9.2830348e-03
   2.5242924e-01  -5.4210109e-20   2.9062705e-02
   2.9388868e-01   5.4210109e-20  -1.6159264e-02
   2.1067862e-01   0.0000000e+00  -2.5295114e-02
   1.9991944e-01   0.0000000e+00   1.4236382e-02
   2.6528015e-01   0.0000000e+00   2.6436678e-02
   2.8037223e-01   0.0000000e+00  -2.1568409e-02
   2.0507456e-01   0.0000000e+00  -1.9474738e-02
   2.0605738e-01   0.0000000e+00   2.0477754e-02
   2.8294537e-01   0.0000000e+00   2.0636227e-02
   2.6293773e-01   1.0842022e-19  -2.7035054e-02
   1.9931693e-01   0.0000000e+00  -1.3407139e-02
   2.1151561e-01   1.0842022e-19   2.5913336e-02
   2.9534799e-01   0.0000000e+00   1.5304666e-02
   2.5052430e-01   0.0000000e+00  -2.9237319e-02
   1.9743819e-01   0.0000000e+00  -8.3716499e-03
   2.1824469e-01   0.0000000e+00   2.8555161e-02
   3.0279297e-01   0.0000000e+00   7.9807285e-03
   2.3658066e-01   0.0000000e+00  -2.9595573e-02
   1.9786965e-01  -5.4210109e-20  -1.1685556e-03
   2.3199688e-01   1.0842022e-19   2.9552323e-02
   3.0435257e-01   0.0000000e+00  -4.8458598e-03
   2.2116496e-01   0.0000000e+00  -2.9024810e-02
   1.9738103e-01   0.0000000e+00   6.6825891e-03
   2.4704331e-01   0.0000000e+00   2.9502838e-02
   2.9781770e-01   0.0000000e+00  -1.3673518e-02
   2.1308289e-01  -1.0842022e-19  -2.6951882e-02
   1.9831968e-01   0.0000000e+00   1.1912563e-02
   2.5873844e-01   0.0000000e+00   2.8039315e-02
   2.8772510e-01   1.0842022e-19  -1.8896857e-02
   2.0787823e-01  -5.4210109e-20  -2.2530982e-02
   2.0287233e-01   0.0000000e+00   1.7397807e-02
   2.7453069e-01   0.0000000e+00   2.3633506e-02
   2.7083520e-01   0.0000000e+00  -2.4842561e-02
   2.0158055e-01   0.0000000e+00  -1.6149655e-02
   2.0892071e-01   0.0000000e+00   2.3700047e-02
   2.9028641e-01   5.4210109e-20   1.7895914e-02
   2.5640339e-01   0.0000000e+00  -2.8518692e-02
   1.9787001e-01   0.0000000e+00  -1.1030297e-02
   2.1413014e-01   0.0000000e+00   2.7482902e-02
   2.9919501e-01   5.4210109e-20   1.2550546e-02
   2.4476209e-01   0.0000000e+00  -2.9607810e-02
   1.9742096e-01   0.0000000e+00  -5.5276660e-03
   2.2329110e-01   0.0000000e+00   2.9254066e-02
   3.0501108e-01   0.0000000e+00   2.6833050e-03
   2.2922086e-01   1.0842022e-19  -2.9517714e-02
   1.9774961e-01   0.0000000e+00   2.5413319e-03
   2.3916867e-01   1.0842022e-19   2.9627100e-02
   3.0178204e-01   0.0000000e+00  -9.5453150e-03
   2.1683456e-01   0.0000000e+00  -2.8275030e-02
   1.9749023e-01   0.0000000e+00   9.2171473e-03
   2.5228986e-01   0.0000000e+00   2.9076845e-02
   2.9400008e-01  -1.0842022e-19  -1.6097186e-02
   2.1073987e-01   1.0842022e-19  -2.5342838e-02
   1.9987230e-01   0.0000000e+00   1.4174211e-02
   2.6510337e-01   2.7105054e-20   2.6483134e-02
   2.8056412e-01   0.0000000e+00  -2.1499117e-02
   2.0514789e-01   1.0842022e-19  -1.9547276e-02
   2.0598882e-01   1.0842022e-19   2.0405309e-02
   2.8276546e-01   1.0842022e-19   2.0701594e-02
   2.6310005e-01   0.0000000e+00  -2.6994762e-02
   1.9935725e-01   1.0842022e-19  -1.3464761e-02
   2.1145617e-01   1.0842022e-19   2.5871563e-02
   2.9524878e-01   0.0000000e+00   1.5365676e-02
   2.5065902e-01   0.0000000e+00  -2.9226050e-02
   1.9744105e-01   5.4210109e-20  -8.4366871e-03
   2.1813420e-01  -1.0842022e-19   2.8534983e-02
   3.0272025e-01   0.0000000e+00   8.1023498e-03
   2.3677427e-01   5.4210109e-20  -2.9598131e-02
   1.9786295e-01   0.0000000e+00  -1.2702737e-03
   2.3179191e-01  -5.4210109e-20   2.9550710e-02
   3.0441132e-01   0.0000000e+00  -4.6934029e-03
   2.2131151e-01   0.0000000e+00  -2.9044145e-02
   1.9738051e-01   0.0000000e+00   6.6004584e-03
   2.4687678e-01  -1.0842022e-19   2.9513147e-02
   2.9792654e-01   0.0000000e+00  -1.3593045e-02
   2.1315896e-01  -1.0842022e-19  -2.6996512e-02
   1.9827857e-01   0.0000000e+00   1.1843711e-02
   2.5854935e-01   0.0000000e+00   2.8081489e-02
   2.8794040e-01   0.0000000e+00  -1.8816434e-02
   2.0796208e-01   0.0000000e+00  -2.2628269e-02
   2.0276451e-01   0.0000000e+00   1.7296821e-02
   2.7423409e-01   1.3552527e-20   2.3734138e-02
   2.7112604e-01   0.0000000e+00  -2.4751236e-02
   2.0167770e-01   1.0842022e-19  -1.6247761e-02
   2.0883777e-01   0.0000000e+00   2.3611213e-02
   2.9009210e-01   0.0000000e+00   1.7976349e-02
   2.5658956e-01   0.0000000e+00  -2.8484440e-02
   1.9790024e-01   0.0000000e+00  -1.1104075e-02
   2.1403552e-01  -5.4210109e-20   2.7442345e-02
   2.9908163e-01   0.0000000e+00   1.2653528e-02
   2.4496773e-01  -2.7105054e-20  -2.9601652e-02
   1.9741299e-01   0.0000000e+00  -5.6343328e-03
   2.2308892e-01   0.0000000e+00   2.9236750e-02
   3.0496627e-01   0.0000000e+00   2.8842003e-03
   2.2946772e-01   0.0000000e+00  -2.9522253e-02
   1.9776213e-01   0.0000000e+00   2.4194458e-03
   2.3894033e-01   5.4210109e-20   2.9624794e-02
   3.0187486e-01   0.0000000e+00  -9.4124689e-03
   2.1695351e-01   0.0000000e+00  -2.8300955e-02
   1.9748387e-01   0.0000000e+00   9.1441729e-03
   2.5213495e-01   0.0000000e+00   2.9092269e-02
   2.9412306e-01   0.0000000e+00  -1.6028464e-02
   2.1080760e-01   0.0000000e+00  -2.5395191e-02
   1.9982062e-01   0.0000000e+00   1.4105709e-02
   2.6490861e-01   0.0000000e+00   2.6534087e-02
   2.8077612e-01   0.0000000e+00  -2.1422592e-02
   2.0522893e-01   0.0000000e+00  -1.9627801e-02
   2.0591229e-01   0.0000000e+00   2.0324889e-02
   2.8256478e-01   3.3881318e-21   2.0774587e-02
   2.6328100e-01   0.0000000e+00  -2.6949564e-02
   1.9940233e-01   0.0000000e+00  -1.3529278e-02
   2.1138982e-01   0.0000000e+00   2.5824642e-02
   2.9513749e-01   0.0000000e+00   1.5433850e-02
   2.5080920e-01   0.0000000e+00  -2.9213356e-02
   1.9744424e-01  -5.4210109e-20  -8.5095059e-03
   2.1801060e-01   0.0000000e+00   2.8512205e-02
   3.0263804e-01   0.0000000e+00   8.2385064e-03
   2.3699264e-01   0.0000000e+00  -2.9601041e-02
   1.9785519e-01   1.0842022e-19  -1.3851945e-03
   2.3156043e-01   0.0000000e+00   2.9548776e-02
   3.0447655e-01   0.0000000e+00  -4.5195557e-03
   2.2147952e-01   0.0000000e+00  -2.9065622e-02
   1.9738043e-01   0.0000000e+00   6.5069168e-03
   2.4668777e-01   0.0000000e+00   2.9524425e-02
   2.9804913e-01  -1.0842022e-19  -1.3501422e-02
   2.1324543e-01   0.0000000e+00  -2.7046195e-02
   1.9823332e-01   0.0000000e+00   1.1766247e-02
   2.5833697e-01   0.0000000e+00   2.8128212e-02
   2.8818042e-01   0.0000000e+00  -1.8726224e-02
   2.0805652e-01   0.0000000e+00  -2.2737073e-02
   2.0264399e-01   0.0000000e+00   1.7183352e-02
   2.7389987e-01   0.0000000e+00   2.3846851e-02
   2.7145486e-01   0.0000000e+00  -2.4647149e-02
   2.0178868e-01  -1.0842022e-19  -1.6358569e-02
   2.0874366e-01   2.7105054e-20   2.3510219e-02
   2.8987131e-01   0.0000000e+00   1.8066617e-02
   2.5679856e-01  -1.0842022e-19  -2.8445026e-02
   1.9793556e-01   5.4210109e-20  -1.1186136e-02
   2.1393202e-01  -5.4210109e-20   2.7396340e-02
   2.9895524e-01   0.0000000e+00   1.2765942e-02
   2.4519305e-01  -1.0842022e-19  -2.9594198e-02
   1.9740515e-01  -5.4210109e-20  -5.7507026e-03
   2.2286991e-01  -1.0842022e-19   2.9216986e-02
   3.0491418e-01  -6.7762636e-21   3.1033462e-03
   2.2973953e-01   1.0842022e-19  -2.9526861e-02
   1.9777547e-01   0.0000000e+00   2.2852810e-03
   2.3868898e-01   0.0000000e+00   2.9622128e-02
   3.0197650e-01   0.0000000e+00  -9.2649529e-03
   2.1708602e-01   2.7105054e-20  -2.8329212e-02
   1.9747725e-01   0.0000000e+00   9.0634385e-03
   2.5196460e-01   2.7105054e-20   2.9108946e-02
   2.9425700e-01   0.0000000e+00  -1.5952538e-02
   2.1088241e-01   0.0000000e+00  -2.5452407e-02
   1.9976425e-01  -2.7105054e-20   1.4030434e-02
   2.6469509e-01  -1.0842022e-19   2.6589712e-02
   2.8100944e-01   0.0000000e+00  -2.1338341e-02
   2.0531826e-01   0.0000000e+00  -1.9716905e-02
   2.0582675e-01   0.0000000e+00   2.0235913e-02
   2.8234058e-01   2.7105054e-20   2.0855894e-02
   2.6348338e-01   0.0000000e+00  -2.6898908e-02
   1.9945302e-01   0.0000000e+00  -1.3601257e-02
   2.1131595e-01   0.0000000e+00   2.5772063e-02
   2.9501190e-01   0.0000000e+00   1.5509673e-02
   2.5097719e-01   2.7105054e-20  -2.9199023e-02
   1.9744789e-01   0.0000000e+00  -8.5905751e-03
   2.1787380e-01   5.4210109e-20   2.8486525e-02
   3.0254525e-01   0.0000000e+00   8.3899327e-03
   2.3723711e-01   0.0000000e+00  -2.9604321e-02
   1.9784479e-01   0.0000000e+00  -1.5142777e-03
   2.3129947e-01  -1.0842022e-19   2.9546471e-02
   3.0454741e-01   0.0000000e+00  -4.3223405e-03
   2.2167016e-01   1.0842022e-19  -2.9089308e-02
   1.9738112e-01   0.0000000e+00   6.4009855e-03
   2.4647527e-01   0.0000000e+00   2.9536499e-02
   2.9818533e-01   0.0000000e+00  -1.3397793e-02
   2.1334306e-01  -5.4210109e-20  -2.7100838e-02
   1.9818416e-01   1.0842022e-19   1.1679924e-02
   2.5810219e-01   0.0000000e+00   2.8179214e-02
   2.8844461e-01  -1.0842022e-19  -1.8626116e-02
   2.0816117e-01  -2.7105054e-20  -2.2857287e-02
   2.0251111e-01   0.0000000e+00   1.7057321e-02
   2.7352743e-01   0.0000000e+00   2.3971454e-02
   2.7182247e-01   0.0000000e+00  -2.4529759e-02
   2.0191429e-01   0.0000000e+00  -1.6482321e-02
   2.0863947e-01   0.0000000e+00   2.3396501e-02
   2.8962290e-01   0.0000000e+00   1.8166782e-02
   2.5703125e-01   1.0842022e-19  -2.8400087e-02
   1.9797639e-01   5.4210109e-20  -1.1276314e-02
   2.1382033e-01   0.0000000e+00   2.7344718e-02
   2.9881580e-01   1.0842022e-19   1.2886910e-02
   2.4543605e-01   0.0000000e+00  -2.9585292e-02
   1.9739810e-01   0.0000000e+00  -5.8757472e-03
   2.2263517e-01   1.0842022e-19   2.9194807e-02
   3.0485241e-01   0.0000000e+00   3.3386720e-03
