   2.6575191e-01  -2.7105054e-20   2.6311980e-02
   2.7986377e-01   8.4703295e-22  -2.1752548e-02
   2.0487974e-01   0.0000000e+00  -1.9284205e-02
   2.0623571e-01  -1.0842022e-19   2.0668201e-02
   2.8341451e-01   0.0000000e+00   2.0466743e-02
   2.6251949e-01   0.0000000e+00  -2.7139100e-02
   1.9921236e-01   0.0000000e+00  -1.3258879e-02
   2.1166734e-01   0.0000000e+00   2.6020772e-02
   2.9560213e-01   0.0000000e+00   1.5148149e-02
   2.5018100e-01   0.0000000e+00  -2.9266251e-02
   1.9743059e-01   0.0000000e+00  -8.2060299e-03
   2.1852532e-01   0.0000000e+00   2.8606257e-02
   3.0297386e-01  -1.0842022e-19   7.6721472e-03
   2.3609533e-01   0.0000000e+00  -2.9589623e-02
   1.9788410e-01  -5.4210109e-20  -9.1478793e-04
   2.3250632e-01   0.0000000e+00   2.9556385e-02
   3.0420124e-01   0.0000000e+00  -5.2198816e-03
   2.2080781e-01   1.0842022e-19  -2.8975927e-02
   1.9738268e-01   0.0000000e+00   6.8840138e-03
   2.4745236e-01   1.0842022e-19   2.9476465e-02
   2.9754456e-01  -1.0842022e-19  -1.3870476e-02
   2.1289584e-01   0.0000000e+00  -2.6839868e-02
   1.9842371e-01   0.0000000e+00   1.2083280e-02
   2.5921048e-01  -1.0842022e-19   2.7932793e-02
   2.8718796e-01   0.0000000e+00  -1.9096459e-02
   2.0766967e-01   0.0000000e+00  -2.2289571e-02
   2.0313892e-01   0.0000000e+00   1.7647062e-02
   2.7525889e-01   0.0000000e+00   2.3384501e-02
   2.7012577e-01   0.0000000e+00  -2.5062376e-02
   2.0134749e-01   0.0000000e+00  -1.5910167e-02
   2.0912606e-01   3.3881318e-21   2.3914359e-02
   2.9075675e-01   1.0842022e-19   1.7697490e-02
   2.5594516e-01   0.0000000e+00  -2.8599864e-02
   1.9780047e-01   0.0000000e+00  -1.0845807e-02
   2.1437237e-01  -1.0842022e-19   2.7581264e-02
   2.9947703e-01   1.3552527e-20   1.2285865e-02
   2.4423804e-01  -1.0842022e-19  -2.9621146e-02
   1.9744306e-01   0.0000000e+00  -5.2538542e-03
   2.2381502e-01   1.0842022e-19   2.9295419e-02
   3.0511244e-01   0.0000000e+00   2.1684691e-03
   2.2859848e-01   0.0000000e+00  -2.9504909e-02
   1.9771556e-01  -1.0842022e-19   2.8488611e-03
   2.3974274e-01   0.0000000e+00   2.9632644e-02
   3.0154605e-01   1.0842022e-19  -9.8754212e-03
   2.1653927e-01   1.0842022e-19  -2.8209159e-02
   1.9750753e-01   0.0000000e+00   9.3992263e-03
   2.5267617e-01   0.0000000e+00   2.9037477e-02
   2.9369154e-01   0.0000000e+00  -1.6268568e-02
   2.1057004e-01   0.0000000e+00  -2.5210673e-02
   2.0000285e-01   0.0000000e+00   1.4346045e-02
   2.6559121e-01  -1.0842022e-19   2.6354566e-02
   2.8003602e-01   0.0000000e+00  -2.1690082e-02
   2.0494602e-01   1.0842022e-19  -1.9348566e-02
   2.0617605e-01   2.1684043e-19   2.0603813e-02
   2.8325639e-01   0.0000000e+00   2.0523716e-02
   2.6265981e-01  -2.7105054e-20  -2.7104247e-02
   1.9924714e-01   0.0000000e+00  -1.3308611e-02
   2.1161635e-01   0.0000000e+00   2.5984827e-02
   2.9551802e-01   0.0000000e+00   1.5200629e-02
   2.5029586e-01   5.4210109e-20  -2.9256597e-02
   1.9743308e-01   1.0842022e-19  -8.2614592e-03
   2.1843167e-01   1.0842022e-19   2.8589219e-02
   3.0291415e-01   0.0000000e+00   7.7753416e-03
   2.3625677e-01   0.0000000e+00  -2.9591553e-02
   1.9787967e-01   0.0000000e+00  -9.9900867e-04
   2.3233735e-01   0.0000000e+00   2.9555057e-02
   3.0425206e-01   1.3552527e-20  -5.0967036e-03
   2.2092494e-01   1.0842022e-19  -2.8992294e-02
   1.9738176e-01   5.4210109e-20   6.8176561e-03
   2.4731741e-01   0.0000000e+00   2.9485358e-02
   2.9763570e-01   1.0842022e-19  -1.3805604e-02
   2.1295748e-01  -5.4210109e-20  -2.6877285e-02
   1.9838885e-01   2.7105054e-20   1.2026640e-02
   2.5905323e-01   0.0000000e+00   2.7968485e-02
   2.8736678e-01   0.0000000e+00  -1.9030172e-02
   2.0773878e-01   0.0000000e+00  -2.2369782e-02
   2.0305050e-01   0.0000000e+00   1.7564479e-02
   2.7501808e-01   0.0000000e+00   2.3467122e-02
   2.7035981e-01   0.0000000e+00  -2.4990410e-02
   2.0142376e-01   0.0000000e+00  -1.5989162e-02
   2.0905790e-01   0.0000000e+00   2.3844085e-02
   2.9060216e-01   0.0000000e+00   1.7763361e-02
   2.5609701e-01  -5.4210109e-20  -2.8573493e-02
   1.9782275e-01  -1.0842022e-19  -1.0907500e-02
   2.1429043e-01   0.0000000e+00   2.7548884e-02
   2.9938270e-01   0.0000000e+00   1.2375632e-02
   2.4441503e-01   5.4210109e-20  -2.9617040e-02
   1.9743491e-01   0.0000000e+00  -5.3467018e-03
   2.2363642e-01   0.0000000e+00   2.9281925e-02
   3.0508060e-01  -1.0842022e-19   2.3429019e-03
   2.2880767e-01   0.0000000e+00  -2.9509478e-02
   1.9772738e-01   1.0842022e-19   2.7453893e-03
   2.3954967e-01   0.0000000e+00   2.9630866e-02
   3.0162557e-01   2.7105054e-20  -9.7651094e-03
   2.1663763e-01   0.0000000e+00  -2.8231505e-02
   1.9750155e-01   0.0000000e+00   9.3381843e-03
   2.5254641e-01   0.0000000e+00   2.9050892e-02
   2.9379547e-01  -5.4210109e-20  -1.6211068e-02
   2.1062711e-01   5.4210109e-20  -2.5255402e-02
   1.9995844e-01   1.0842022e-19   1.4288145e-02
   2.6542691e-01   1.0842022e-19   2.6398095e-02
   2.8021359e-01   0.0000000e+00  -2.1625836e-02
   2.0501422e-01   0.0000000e+00  -1.9415110e-02
   2.0611372e-01   6.7762636e-21   2.0537315e-02
   2.8309259e-01   0.0000000e+00   2.0582995e-02
   2.6280605e-01  -1.0842022e-19  -2.7067906e-02
   1.9928343e-01   0.0000000e+00  -1.3360538e-02
   2.1156313e-01   0.0000000e+00   2.5947258e-02
   2.9542819e-01   0.0000000e+00   1.5255580e-02
   2.5041684e-01   0.0000000e+00  -2.9246482e-02
   1.9743566e-01   0.0000000e+00  -8.3196760e-03
   2.1833236e-01   1.0842022e-19   2.8571354e-02
   3.0285014e-01   0.0000000e+00   7.8839556e-03
   2.3642790e-01   1.3552527e-20  -2.9593682e-02
   1.9787463e-01   1.0842022e-19  -1.0883945e-03
   2.3215798e-01   0.0000000e+00   2.9553658e-02
   3.0430502e-01  -5.4210109e-20  -4.9648675e-03
   2.2105104e-01   0.0000000e+00  -2.9009559e-02
   1.9738097e-01   0.0000000e+00   6.7466025e-03
   2.4717294e-01  -1.0842022e-19   2.9494729e-02
   2.9773215e-01   0.0000000e+00  -1.3736058e-02
   2.1302361e-01   0.0000000e+00  -2.6916943e-02
   1.9835204e-01  -2.7105054e-20   1.1966239e-02
   2.5888617e-01   0.0000000e+00   2.8006234e-02
   2.8755734e-01   1.0842022e-19  -1.8959491e-02
   2.0781266e-01  -1.0842022e-19  -2.2455366e-02
   2.0295599e-01  -1.0842022e-19   1.7476135e-02
   2.7475989e-01   0.0000000e+00   2.3555442e-02
   2.7061146e-01  -3.3881318e-21  -2.4912460e-02
   2.0150661e-01   0.0000000e+00  -1.6074109e-02
   2.0898499e-01   0.0000000e+00   2.3768079e-02
   2.9043517e-01   0.0000000e+00   1.7833801e-02
   2.5625977e-01   1.0842022e-19  -2.8544703e-02
   1.9784747e-01   1.0842022e-19  -1.0973031e-02
   2.1420459e-01   2.7105054e-20   2.7513939e-02
   2.9928255e-01   0.0000000e+00   1.2469722e-02
   2.4460167e-01   2.7105054e-20  -2.9612312e-02
   1.9742671e-01   5.4210109e-20  -5.4441028e-03
   2.2345028e-01   0.0000000e+00   2.9267201e-02
   3.0504447e-01  -1.0842022e-19   2.5261257e-03
   2.2902950e-01   0.0000000e+00  -2.9514034e-02
   1.9773953e-01   0.0000000e+00   2.6358749e-03
   2.3934527e-01   0.0000000e+00   2.9628914e-02
   3.0170956e-01  -5.4210109e-20  -9.6474797e-03
   2.1674293e-01   0.0000000e+00  -2.8255022e-02
   1.9749538e-01   0.0000000e+00   9.2732411e-03
   2.5240833e-01   0.0000000e+00   2.9064996e-02
   2.9390592e-01  -1.0842022e-19  -1.6149879e-02
   2.1068773e-01   0.0000000e+00  -2.5302688e-02
   1.9991156e-01   0.0000000e+00   1.4226715e-02
   2.6525227e-01   0.0000000e+00   2.6444138e-02
   2.8040292e-01  -1.0842022e-19  -2.1557493e-02
   2.0508669e-01  -8.4703295e-22  -1.9486289e-02
   2.0604644e-01  -2.7105054e-20   2.0466225e-02
   2.8291692e-01   1.0842022e-19   2.0646788e-02
   2.6296436e-01   0.0000000e+00  -2.7028669e-02
   1.9932264e-01   5.4210109e-20  -1.3416631e-02
   2.1150560e-01   0.0000000e+00   2.5906618e-02
   2.9533180e-01   0.0000000e+00   1.5314969e-02
   2.5054703e-01   0.0000000e+00  -2.9235575e-02
   1.9743839e-01   0.0000000e+00  -8.3828218e-03
   2.1822507e-01   5.4210109e-20   2.8551857e-02
   3.0278036e-01   0.0000000e+00   8.0019343e-03
   2.3661460e-01   0.0000000e+00  -2.9596098e-02
   1.9786892e-01  -1.0842022e-19  -1.1863367e-03
   2.3196137e-01   0.0000000e+00   2.9552107e-02
   3.0436256e-01   0.0000000e+00  -4.8191481e-03
   2.2119112e-01   1.0842022e-19  -2.9028302e-02
   1.9738039e-01   0.0000000e+00   6.6680726e-03
   2.4701323e-01   0.0000000e+00   2.9504838e-02
   2.9783722e-01   0.0000000e+00  -1.3659140e-02
   2.1309662e-01   0.0000000e+00  -2.6960168e-02
   1.9831213e-01  -1.3552527e-20   1.1899934e-02
   2.5870375e-01   0.0000000e+00   2.8047248e-02
   2.8776572e-01   0.0000000e+00  -1.8881964e-02
   2.0789383e-01  -1.0842022e-19  -2.2549197e-02
   2.0285237e-01   1.0842022e-19   1.7378951e-02
   2.7447502e-01   0.0000000e+00   2.3652436e-02
   2.7089000e-01   1.6940659e-21  -2.4825577e-02
   2.0159907e-01   0.0000000e+00  -1.6168052e-02
   2.0890469e-01   5.4210109e-20   2.3683494e-02
   2.9025000e-01   0.0000000e+00   1.7911218e-02
   2.5643894e-01   2.7105054e-20  -2.8512338e-02
   1.9787562e-01   0.0000000e+00  -1.1044509e-02
   2.1411221e-01   0.0000000e+00   2.7475179e-02
   2.9917323e-01   0.0000000e+00   1.2570804e-02
   2.4480274e-01  -1.0842022e-19  -2.9606727e-02
   1.9741861e-01   0.0000000e+00  -5.5487934e-03
   2.2325129e-01   1.0842022e-19   2.9250734e-02
   3.0500259e-01   0.0000000e+00   2.7232398e-03
   2.2927014e-01   0.0000000e+00  -2.9518692e-02
   1.9775168e-01  -5.4210109e-20   2.5171083e-03
   2.3912344e-01   0.0000000e+00   2.9626712e-02
   3.0180043e-01   5.4210109e-20  -9.5188869e-03
   2.1685851e-01   0.0000000e+00  -2.8280355e-02
   1.9748892e-01  -1.0842022e-19   9.2024385e-03
   2.5225797e-01  -5.4210109e-20   2.9080148e-02
   2.9402596e-01   0.0000000e+00  -1.6083172e-02
   2.1075367e-01   0.0000000e+00  -2.5353825e-02
   1.9986095e-01   0.0000000e+00   1.4160013e-02
   2.6506246e-01   0.0000000e+00   2.6493938e-02
   2.8060903e-01   0.0000000e+00  -2.1483109e-02
   2.0516511e-01   1.3552527e-20  -1.9564245e-02
   2.0597245e-01   0.0000000e+00   2.0388436e-02
   2.8272328e-01   0.0000000e+00   2.0717079e-02
   2.6313816e-01   0.0000000e+00  -2.6985316e-02
   1.9936606e-01   0.0000000e+00  -1.3478607e-02
   2.1144197e-01   0.0000000e+00   2.5861616e-02
   2.9522540e-01   0.0000000e+00   1.5380524e-02
   2.5069156e-01  -5.4210109e-20  -2.9223431e-02
   1.9744144e-01   0.0000000e+00  -8.4527292e-03
   2.1810673e-01   0.0000000e+00   2.8530087e-02
   3.0270231e-01  -1.0842022e-19   8.1326314e-03
   2.3682264e-01   0.0000000e+00  -2.9598874e-02
   1.9786116e-01   0.0000000e+00  -1.2958410e-03
   2.3174030e-01   1.0842022e-19   2.9550371e-02
   3.0442568e-01   0.0000000e+00  -4.6547332e-03
   2.2134882e-01   0.0000000e+00  -2.9049095e-02
   1.9738015e-01  -1.0842022e-19   6.5795270e-03
   2.4683428e-01  -2.7105054e-20   2.9515837e-02
   2.9795466e-01   0.0000000e+00  -1.3572394e-02
   2.1317895e-01   1.3552527e-20  -2.7007994e-02
   1.9826827e-01   0.0000000e+00   1.1825923e-02
   2.5849996e-01   0.0000000e+00   2.8092446e-02
   2.8799637e-01   0.0000000e+00  -1.8795592e-02
   2.0798442e-01   3.3881318e-21  -2.2653562e-02
   2.0273691e-01  -3.3881318e-21   1.7270433e-02
   2.7415617e-01   2.7105054e-20   2.3760475e-02
   2.7120281e-01   0.0000000e+00  -2.4727167e-02
   2.0170371e-01  -1.3552527e-20  -1.6273561e-02
   2.0881509e-01  -5.4210109e-20   2.3587848e-02
   2.9004084e-01   0.0000000e+00   1.7997571e-02
   2.5663855e-01   0.0000000e+00  -2.8475366e-02
   1.9790832e-01   0.0000000e+00  -1.1123558e-02
   2.1401082e-01   1.0842022e-19   2.7431570e-02
   2.9905191e-01   0.0000000e+00   1.2680662e-02
   2.4502186e-01   0.0000000e+00  -2.9600020e-02
   1.9741067e-01   0.0000000e+00  -5.6625514e-03
   2.2303538e-01  -1.0842022e-19   2.9232129e-02
   3.0495372e-01   0.0000000e+00   2.9375089e-03
   2.2953341e-01   0.0000000e+00  -2.9523486e-02
   1.9776523e-01   1.0842022e-19   2.3868525e-03
   2.3887948e-01   1.0842022e-19   2.9624219e-02
   3.0189961e-01   5.4210109e-20  -9.3766530e-03
   2.1698601e-01   0.0000000e+00  -2.8307970e-02
   1.9748230e-01   0.0000000e+00   9.1243836e-03
   2.5209330e-01   0.0000000e+00   2.9096520e-02
   2.9415645e-01   0.0000000e+00  -1.6009722e-02
   2.1082618e-01   0.0000000e+00  -2.5409623e-02
   1.9980588e-01   1.0842022e-19   1.4086896e-02
   2.6485490e-01   0.0000000e+00   2.6548219e-02
   2.8083527e-01   0.0000000e+00  -2.1401400e-02
   2.0525129e-01   0.0000000e+00  -1.9650358e-02
   2.0589012e-01   0.0000000e+00   2.0302503e-02
   2.8250780e-01   0.0000000e+00   2.0795237e-02
   2.6333231e-01   0.0000000e+00  -2.6936849e-02
   1.9941450e-01   0.0000000e+00  -1.3547673e-02
   2.1137121e-01   0.0000000e+00   2.5811297e-02
   2.9510506e-01   0.0000000e+00   1.5453460e-02
   2.5085301e-01   0.0000000e+00  -2.9209777e-02
   1.9744495e-01   0.0000000e+00  -8.5306189e-03
   2.1797516e-01  -1.0842022e-19   2.8505600e-02
   3.0261418e-01   0.0000000e+00   8.2782206e-03
   2.3705625e-01   5.4210109e-20  -2.9601998e-02
   1.9785192e-01   0.0000000e+00  -1.4190182e-03
   2.3149158e-01   5.4210109e-20   2.9548285e-02
   3.0449504e-01   2.7105054e-20  -4.4679626e-03
   2.2152896e-01   5.4210109e-20  -2.9072032e-02
   1.9738053e-01   1.0842022e-19   6.4790720e-03
   2.4663166e-01  -1.0842022e-19   2.9527775e-02
   2.9808587e-01   0.0000000e+00  -1.3474054e-02
   2.1327182e-01   0.0000000e+00  -2.7060919e-02
   1.9822017e-01   0.0000000e+00   1.1743100e-02
   2.5827362e-01   0.0000000e+00   2.8142131e-02
   2.8825190e-01   1.3552527e-20  -1.8699251e-02
   2.0808453e-01   0.0000000e+00  -2.2769727e-02
   2.0260770e-01   0.0000000e+00   1.7149277e-02
   2.7379939e-01   0.0000000e+00   2.3880708e-02
   2.7155438e-01   1.0842022e-19  -2.4615548e-02
   2.0182221e-01   0.0000000e+00  -1.6392138e-02
   2.0871527e-01   0.0000000e+00   2.3479528e-02
   2.8980436e-01   0.0000000e+00   1.8093941e-02
   2.5686216e-01   1.0842022e-19  -2.8432970e-02
   1.9794655e-01   1.0842022e-19  -1.1210932e-02
   2.1390082e-01   0.0000000e+00   2.7382352e-02
   2.9891722e-01   0.0000000e+00   1.2799694e-02
   2.4526062e-01   5.4210109e-20  -2.9591893e-02
   1.9740340e-01   0.0000000e+00  -5.7857006e-03
   2.2280348e-01   5.4210109e-20   2.9210978e-02
   3.0489722e-01   0.0000000e+00   3.1694229e-03
   2.2982161e-01  -5.4210109e-20  -2.9528274e-02
   1.9777971e-01   0.0000000e+00   2.2445004e-03
   2.3861231e-01   0.0000000e+00   2.9621360e-02
   3.0200733e-01  -5.4210109e-20  -9.2197596e-03
   2.1712652e-01   0.0000000e+00  -2.8337907e-02
   1.9747563e-01   1.0842022e-19   9.0386155e-03
   2.5191198e-01   0.0000000e+00   2.9114133e-02
   2.9429802e-01   0.0000000e+00  -1.5929109e-02
   2.1090564e-01   0.0000000e+00  -2.5470137e-02
   1.9974633e-01   0.0000000e+00   1.4007133e-02
   2.6462899e-01  -1.0842022e-19   2.6607023e-02
   2.8108215e-01   0.0000000e+00  -2.1312113e-02
   2.0534541e-01   0.0000000e+00  -1.9744990e-02
   2.0579923e-01   1.0842022e-19   2.0208032e-02
   2.8226967e-01   5.4210109e-20   2.0881672e-02
   2.6354785e-01   0.0000000e+00  -2.6882862e-02
   1.9946855e-01   5.4210109e-20  -1.3624224e-02
   2.1129288e-01   0.0000000e+00   2.5755274e-02
   2.9497173e-01   0.0000000e+00   1.5533968e-02
   2.5103095e-01   0.0000000e+00  -2.9194488e-02
   1.9744917e-01   0.0000000e+00  -8.6166949e-03
   2.1782946e-01   1.0842022e-19   2.8478273e-02
   3.0251514e-01   0.0000000e+00   8.4389179e-03
   2.3731646e-01   0.0000000e+00  -2.9605459e-02
   1.9784174e-01  -1.0842022e-19  -1.5563941e-03
   2.3121428e-01   0.0000000e+00   2.9545731e-02
   3.0457034e-01   0.0000000e+00  -4.2574367e-03
   2.2173336e-01   0.0000000e+00  -2.9096989e-02
   1.9738213e-01   0.0000000e+00   6.3660492e-03
   2.4640475e-01   0.0000000e+00   2.9540432e-02
   2.9823026e-01   1.0842022e-19  -1.3363567e-02
   2.1337565e-01   0.0000000e+00  -2.7118643e-02
   1.9816848e-01   0.0000000e+00   1.1651551e-02
   2.5802538e-01   0.0000000e+00   2.8195825e-02
