   1.9842255e-01   0.0000000e+00   1.2082351e-02
   2.5920705e-01   0.0000000e+00   2.7933796e-02
   2.8719228e-01   0.0000000e+00  -1.9095052e-02
   2.0767098e-01  -1.0842022e-19  -2.2291756e-02
   2.0313658e-01   1.0842022e-19   1.7644954e-02
   2.7525238e-01   0.0000000e+00   2.3386904e-02
   2.7013249e-01   2.7105054e-20  -2.5060499e-02
   2.0134969e-01   0.0000000e+00  -1.5912565e-02
   2.0912311e-01   0.0000000e+00   2.3912419e-02
   2.9075157e-01   0.0000000e+00   1.7699848e-02
   2.5595076e-01   1.3552527e-20  -2.8599161e-02
   1.9780063e-01  -2.7105054e-20  -1.0848338e-02
   2.1436888e-01   0.0000000e+00   2.7580133e-02
   2.9947251e-01  -5.4210109e-20   1.2290142e-02
   2.4424683e-01   0.0000000e+00  -2.9621143e-02
   1.9744179e-01   5.4210109e-20  -5.2585473e-03
   2.2380563e-01   0.0000000e+00   2.9294909e-02
   3.0511093e-01   2.7105054e-20   2.1776213e-03
   2.2860953e-01  -2.7105054e-20  -2.9505311e-02
   1.9771638e-01   0.0000000e+00   2.8432606e-03
   2.3973242e-01   0.0000000e+00   2.9632705e-02
   3.0155032e-01   2.7105054e-20  -9.8692512e-03
   2.1654468e-01  -2.7105054e-20  -2.8210778e-02
   1.9750647e-01   2.7105054e-20   9.3954716e-03
   2.5266774e-01   0.0000000e+00   2.9038655e-02
   2.9369907e-01   0.0000000e+00  -1.6264691e-02
   2.1057416e-01  -1.0842022e-19  -2.5214302e-02
   1.9999939e-01  -3.3881318e-21   1.4341568e-02
   2.6557815e-01  -1.0842022e-19   2.6358310e-02
   2.8005081e-01   0.0000000e+00  -2.1684922e-02
   2.0495127e-01   0.0000000e+00  -1.9354349e-02
   2.0616980e-01   0.0000000e+00   2.0598289e-02
   2.8324210e-01   0.0000000e+00   2.0529119e-02
   2.6267297e-01   0.0000000e+00  -2.7101210e-02
   1.9925052e-01   1.0842022e-19  -1.3313564e-02
   2.1161086e-01   0.0000000e+00   2.5981434e-02
   2.9550868e-01   0.0000000e+00   1.5206534e-02
   2.5030896e-01  -1.0842022e-19  -2.9255809e-02
   1.9743318e-01   0.0000000e+00  -8.2680730e-03
   2.1841938e-01   0.0000000e+00   2.8587464e-02
   3.0290644e-01   0.0000000e+00   7.7883625e-03
   2.3627726e-01   0.0000000e+00  -2.9592012e-02
   1.9787929e-01   0.0000000e+00  -1.0099207e-03
   2.3231534e-01   0.0000000e+00   2.9555059e-02
   3.0425855e-01   0.0000000e+00  -5.0803442e-03
   2.2094092e-01   0.0000000e+00  -2.8994699e-02
   1.9738157e-01   0.0000000e+00   6.8085399e-03
   2.4729815e-01  -5.4210109e-20   2.9486872e-02
   2.9764949e-01   0.0000000e+00  -1.3796371e-02
   2.1296647e-01   0.0000000e+00  -2.6883098e-02
   1.9838293e-01   0.0000000e+00   1.2018110e-02
   2.5902886e-01   0.0000000e+00   2.7974230e-02
   2.8739544e-01   0.0000000e+00  -1.9019867e-02
   2.0774977e-01   0.0000000e+00  -2.2382677e-02
   2.0303658e-01  -1.0842022e-19   1.7551254e-02
   2.7497930e-01   0.0000000e+00   2.3480598e-02
   2.7039775e-01   0.0000000e+00  -2.4978784e-02
   2.0143613e-01   2.7105054e-20  -1.6002206e-02
   2.0904597e-01   0.0000000e+00   2.3832625e-02
   2.9057624e-01  -5.4210109e-20   1.7774528e-02
   2.5612276e-01   0.0000000e+00  -2.8569194e-02
   1.9782623e-01   0.0000000e+00  -1.0918201e-02
   2.1427589e-01   0.0000000e+00   2.7543419e-02
   2.9936615e-01   1.0842022e-19   1.2391648e-02
   2.4444697e-01  -1.0842022e-19  -2.9616456e-02
   1.9743278e-01  -1.0842022e-19  -5.3635333e-03
   2.2360415e-01   0.0000000e+00   2.9279547e-02
   3.0507535e-01   1.6940659e-21   2.3748920e-03
   2.2884654e-01   0.0000000e+00  -2.9510431e-02
   1.9772911e-01   0.0000000e+00   2.7261576e-03
   2.3951361e-01  -1.0842022e-19   2.9630691e-02
   3.0164055e-01   0.0000000e+00  -9.7442888e-03
   2.1665683e-01   0.0000000e+00  -2.8235964e-02
   1.9749987e-01   0.0000000e+00   9.3263549e-03
   2.5252039e-01   0.0000000e+00   2.9053821e-02
   2.9381690e-01   0.0000000e+00  -1.6199592e-02
   2.1063851e-01   0.0000000e+00  -2.5264871e-02
   1.9994937e-01   0.0000000e+00   1.4276073e-02
   2.6539226e-01   0.0000000e+00   2.6407510e-02
   2.8025204e-01  -1.0842022e-19  -2.1612227e-02
   2.0502818e-01   0.0000000e+00  -1.9429701e-02
   2.0609922e-01   0.0000000e+00   2.0522999e-02
   2.8305688e-01   0.0000000e+00   2.0596257e-02
   2.6283911e-01   0.0000000e+00  -2.7060000e-02
   1.9929159e-01   0.0000000e+00  -1.3372421e-02
   2.1155042e-01  -1.0842022e-19   2.5938861e-02
   2.9540758e-01   0.0000000e+00   1.5268761e-02
   2.5044547e-01   0.0000000e+00  -2.9244357e-02
   1.9743620e-01  -1.3552527e-20  -8.3340167e-03
   2.1830794e-01   3.3881318e-21   2.8567103e-02
   3.0283430e-01   0.0000000e+00   7.9113885e-03
   2.3647093e-01   0.0000000e+00  -2.9594444e-02
   1.9787318e-01   0.0000000e+00  -1.1113133e-03
   2.3211144e-01   0.0000000e+00   2.9553487e-02
   3.0431890e-01   0.0000000e+00  -4.9305844e-03
   2.2108383e-01   1.0842022e-19  -2.9014268e-02
   1.9738082e-01   0.0000000e+00   6.7278476e-03
   2.4713439e-01   0.0000000e+00   2.9497427e-02
   2.9775808e-01   5.4210109e-20  -1.3717411e-02
   2.1304131e-01  -1.0842022e-19  -2.6927989e-02
   1.9834122e-01   0.0000000e+00   1.1949680e-02
   2.5884005e-01   0.0000000e+00   2.8016889e-02
   2.8761116e-01  -1.0842022e-19  -1.8939804e-02
   2.0783388e-01   0.0000000e+00  -2.2479538e-02
   2.0292931e-01   1.3552527e-20   1.7451172e-02
   2.7468647e-01  -1.0842022e-19   2.3580624e-02
   2.7068329e-01   0.0000000e+00  -2.4890214e-02
   2.0152998e-01   0.0000000e+00  -1.6098574e-02
   2.0896354e-01   0.0000000e+00   2.3746281e-02
   2.9038705e-01   0.0000000e+00   1.7854269e-02
   2.5630745e-01   0.0000000e+00  -2.8536412e-02
   1.9785453e-01  -2.7105054e-20  -1.0992236e-02
   2.1417888e-01   0.0000000e+00   2.7503811e-02
   2.9925319e-01   0.0000000e+00   1.2497567e-02
   2.4465682e-01   0.0000000e+00  -2.9611025e-02
   1.9742410e-01   0.0000000e+00  -5.4731725e-03
   2.2339441e-01   0.0000000e+00   2.9262863e-02
   3.0503362e-01  -1.0842022e-19   2.5811929e-03
   2.2909630e-01   0.0000000e+00  -2.9515523e-02
   1.9774231e-01  -1.0842022e-19   2.6026419e-03
   2.3928274e-01   0.0000000e+00   2.9628478e-02
   3.0173544e-01   0.0000000e+00  -9.6113834e-03
   2.1677540e-01   1.0842022e-19  -2.8262470e-02
   1.9749302e-01   0.0000000e+00   9.2530481e-03
   2.5236514e-01   0.0000000e+00   2.9069650e-02
   2.9394155e-01  -1.0842022e-19  -1.6130541e-02
   2.1070680e-01   0.0000000e+00  -2.5318100e-02
   1.9989664e-01  -1.0842022e-19   1.4206853e-02
   2.6519520e-01   5.4210109e-20   2.6459331e-02
   2.8046538e-01   1.0842022e-19  -2.1535189e-02
   2.0510966e-01   0.0000000e+00  -1.9510051e-02
   2.0602348e-01   0.0000000e+00   2.0442750e-02
   2.8285834e-01   0.0000000e+00   2.0668341e-02
   2.6301748e-01   0.0000000e+00  -2.7015619e-02
   1.9933585e-01   0.0000000e+00  -1.3435841e-02
   2.1148519e-01   0.0000000e+00   2.5892895e-02
   2.9529892e-01   0.0000000e+00   1.5335831e-02
   2.5059341e-01   1.0842022e-19  -2.9231960e-02
   1.9743931e-01   0.0000000e+00  -8.4053693e-03
   2.1818653e-01  -1.0842022e-19   2.8545035e-02
   3.0275539e-01  -1.0842022e-19   8.0446746e-03
   2.3668246e-01   2.7105054e-20  -2.9597172e-02
   1.9786577e-01  -5.4210109e-20  -1.2222382e-03
   2.3188829e-01  -5.4210109e-20   2.9551723e-02
   3.0438373e-01   0.0000000e+00  -4.7651506e-03
   2.2124259e-01   5.4210109e-20  -2.9035436e-02
   1.9738055e-01   1.0842022e-19   6.6387268e-03
   2.4695355e-01   0.0000000e+00   2.9508759e-02
   2.9787720e-01   0.0000000e+00  -1.3630148e-02
   2.1312393e-01   1.0842022e-19  -2.6976741e-02
   1.9829627e-01   0.0000000e+00   1.1874730e-02
   2.5863352e-01   0.0000000e+00   2.8063062e-02
   2.8784588e-01   0.0000000e+00  -1.8852233e-02
   2.0792489e-01   5.4210109e-20  -2.2585538e-02
   2.0281173e-01   0.0000000e+00   1.7341388e-02
   2.7436427e-01  -5.4210109e-20   2.3690147e-02
   2.7099886e-01   0.0000000e+00  -2.4791580e-02
   2.0163468e-01  -5.4210109e-20  -1.6204916e-02
   2.0887330e-01   0.0000000e+00   2.3650297e-02
   2.9017710e-01   0.0000000e+00   1.7941666e-02
   2.5650924e-01   0.0000000e+00  -2.8499599e-02
   1.9788687e-01  -2.7105054e-20  -1.1072684e-02
   2.1407510e-01   0.0000000e+00   2.7459930e-02
   2.9913000e-01  -1.0842022e-19   1.2610673e-02
   2.4488228e-01   0.0000000e+00  -2.9604543e-02
   1.9741581e-01   0.0000000e+00  -5.5902888e-03
   2.2317190e-01  -2.7105054e-20   2.9244184e-02
   3.0498539e-01   0.0000000e+00   2.8017506e-03
   2.2936630e-01   0.0000000e+00  -2.9520620e-02
   1.9775679e-01   1.0842022e-19   2.4693691e-03
   2.3903347e-01  -5.4210109e-20   2.9625980e-02
   3.0183732e-01   5.4210109e-20  -9.4667143e-03
   2.1690495e-01   0.0000000e+00  -2.8290843e-02
   1.9748597e-01   2.7105054e-20   9.1735099e-03
   2.5219622e-01   0.0000000e+00   2.9086546e-02
   2.9407596e-01   0.0000000e+00  -1.6055653e-02
   2.1078070e-01   0.0000000e+00  -2.5375302e-02
   1.9984011e-01  -1.0842022e-19   1.4132111e-02
   2.6498280e-01   0.0000000e+00   2.6514992e-02
   2.8069646e-01   0.0000000e+00  -2.1451794e-02
   2.0519784e-01   1.0842022e-19  -1.9597557e-02
   2.0594048e-01   0.0000000e+00   2.0355356e-02
   2.8264009e-01   2.7105054e-20   2.0747446e-02
   2.6321350e-01   0.0000000e+00  -2.6966725e-02
   1.9938477e-01   0.0000000e+00  -1.3505610e-02
   2.1141354e-01   0.0000000e+00   2.5842182e-02
   2.9517813e-01   0.0000000e+00   1.5409555e-02
   2.5075563e-01   0.0000000e+00  -2.9218259e-02
   1.9744273e-01   1.3552527e-20  -8.4839936e-03
   2.1805313e-01   0.0000000e+00   2.8520497e-02
   3.0266713e-01   0.0000000e+00   8.1916053e-03
   2.3691757e-01  -3.3881318e-21  -2.9600266e-02
   1.9785727e-01   1.0842022e-19  -1.3457670e-03
   2.3163964e-01  -6.7762636e-21   2.9549658e-02
   3.0445436e-01   0.0000000e+00  -4.5790195e-03
   2.2142233e-01   1.6940659e-21  -2.9058628e-02
   1.9738011e-01  -2.7105054e-20   6.5385732e-03
   2.4675103e-01   0.0000000e+00   2.9520991e-02
   2.9800927e-01  -1.0842022e-19  -1.3532066e-02
   2.1321660e-01   0.0000000e+00  -2.7030311e-02
   1.9824732e-01   0.0000000e+00   1.1791486e-02
   2.5840506e-01   0.0000000e+00   2.8113530e-02
   2.8810414e-01   0.0000000e+00  -1.8755223e-02
   2.0802605e-01   0.0000000e+00  -2.2702671e-02
   2.0268176e-01   0.0000000e+00   1.7219472e-02
   2.7400580e-01   2.7105054e-20   2.3811363e-02
   2.7135108e-01   0.0000000e+00  -2.4680340e-02
   2.0175312e-01   0.0000000e+00  -1.6323714e-02
   2.0877316e-01  -3.3881318e-21   2.3542208e-02
   2.8994101e-01   0.0000000e+00   1.8038607e-02
   2.5673373e-01   0.0000000e+00  -2.8457621e-02
   1.9792425e-01   0.0000000e+00  -1.1161067e-02
   2.1396309e-01   0.0000000e+00   2.7410697e-02
   2.9899402e-01   0.0000000e+00   1.2732493e-02
   2.4512599e-01   0.0000000e+00  -2.9596733e-02
   1.9740710e-01   0.0000000e+00  -5.7163977e-03
   2.2293387e-01   0.0000000e+00   2.9223093e-02
   3.0492970e-01   0.0000000e+00   3.0392249e-03
   2.2965982e-01   0.0000000e+00  -2.9525729e-02
   1.9777125e-01   0.0000000e+00   2.3244612e-03
   2.3876214e-01   2.7105054e-20   2.9623117e-02
   3.0194736e-01   5.4210109e-20  -9.3078951e-03
   2.1704763e-01   0.0000000e+00  -2.8321404e-02
   1.9747868e-01   5.4210109e-20   9.0865222e-03
   2.5201257e-01  -2.7105054e-20   2.9104614e-02
   2.9422024e-01   0.0000000e+00  -1.5973856e-02
   2.1086139e-01   0.0000000e+00  -2.5437113e-02
   1.9977919e-01   0.0000000e+00   1.4050908e-02
   2.6475249e-01   1.0842022e-19   2.6575073e-02
   2.8094756e-01   0.0000000e+00  -2.1361006e-02
   2.0529395e-01   0.0000000e+00  -1.9693410e-02
   2.0584914e-01   1.0842022e-19   2.0259595e-02
   2.8239961e-01   0.0000000e+00   2.0834695e-02
   2.6343057e-01   1.0842022e-19  -2.6912443e-02
   1.9943905e-01  -1.0842022e-19  -1.3582769e-02
   2.1133435e-01  -5.4210109e-20   2.5785861e-02
   2.9504390e-01  -5.4210109e-20   1.5490853e-02
   2.5093569e-01   0.0000000e+00  -2.9202913e-02
   1.9744656e-01   0.0000000e+00  -8.5708563e-03
   2.1790651e-01   0.0000000e+00   2.8493038e-02
   3.0256805e-01   1.0842022e-19   8.3538296e-03
   2.3717862e-01   0.0000000e+00  -2.9603755e-02
   1.9784710e-01   0.0000000e+00  -1.4836325e-03
   2.3136094e-01   0.0000000e+00   2.9547230e-02
   3.0453121e-01   0.0000000e+00  -4.3690113e-03
   2.2162489e-01   1.0842022e-19  -2.9084049e-02
   1.9738057e-01   0.0000000e+00   6.4257551e-03
   2.4652442e-01  -6.7762636e-21   2.9534023e-02
   2.9815499e-01   0.0000000e+00  -1.3421690e-02
   2.1332067e-01  -5.4210109e-20  -2.7088914e-02
   1.9819442e-01   0.0000000e+00   1.1699216e-02
   2.5815377e-01   1.0842022e-19   2.8168312e-02
   2.8838741e-01   0.0000000e+00  -1.8648115e-02
   2.0813846e-01   1.0842022e-19  -2.2831375e-02
   2.0253921e-01   0.0000000e+00   1.7084697e-02
   2.7360801e-01   0.0000000e+00   2.3944768e-02
   2.7174320e-01   0.0000000e+00  -2.4555302e-02
   2.0188669e-01   0.0000000e+00  -1.6455839e-02
   2.0866149e-01  -5.4210109e-20   2.3421070e-02
   2.8967632e-01   0.0000000e+00   1.8145674e-02
   2.5698234e-01  -1.0842022e-19  -2.8409883e-02
   1.9796744e-01   0.0000000e+00  -1.1257674e-02
   2.1384300e-01  -6.7762636e-21   2.7355668e-02
   2.9884470e-01  -1.0842022e-19   1.2862715e-02
   2.4538737e-01   0.0000000e+00  -2.9587374e-02
   1.9739897e-01   0.0000000e+00  -5.8510484e-03
   2.2268087e-01   1.0842022e-19   2.9199459e-02
   3.0486554e-01   0.0000000e+00   3.2926409e-03
   2.2997589e-01   0.0000000e+00  -2.9530784e-02
   1.9778687e-01  -1.0842022e-19   2.1681587e-03
   2.3846918e-01   0.0000000e+00   2.9619864e-02
   3.0206519e-01   0.0000000e+00  -9.1348147e-03
   2.1720325e-01   0.0000000e+00  -2.8354031e-02
   1.9747137e-01   0.0000000e+00   8.9921309e-03
   2.5181382e-01   1.0842022e-19   2.9123732e-02
   2.9437520e-01   0.0000000e+00  -1.5885205e-02
   2.1094865e-01   0.0000000e+00  -2.5503205e-02
   1.9971416e-01   0.0000000e+00   1.3963528e-02
   2.6450511e-01   0.0000000e+00   2.6639235e-02
   2.8121821e-01  -1.3552527e-20  -2.1263095e-02
   2.0539782e-01   0.0000000e+00  -1.9797366e-02
   2.0574856e-01  -2.7105054e-20   2.0155753e-02
   2.8213703e-01   0.0000000e+00   2.0929991e-02
   2.6366850e-01   0.0000000e+00  -2.6852672e-02
   1.9949908e-01   0.0000000e+00  -1.3667235e-02
   2.1124807e-01   5.4210109e-20   2.5723877e-02
   2.9489654e-01   0.0000000e+00   1.5579410e-02
   2.5113196e-01  -1.0842022e-19  -2.9185894e-02
   1.9745115e-01   0.0000000e+00  -8.6655538e-03
   2.1774743e-01  -1.0842022e-19   2.8462663e-02
   3.0245816e-01   0.0000000e+00   8.5303796e-03
   2.3746543e-01  -1.0842022e-19  -2.9607554e-02
   1.9783462e-01   0.0000000e+00  -1.6353951e-03
   2.3105410e-01   0.0000000e+00   2.9544274e-02
   3.0461158e-01   1.0842022e-19  -4.1351489e-03
   2.2185203e-01  -5.4210109e-20  -2.9111244e-02
   1.9738235e-01   0.0000000e+00   6.3003858e-03
   2.4627332e-01   0.0000000e+00   2.9547571e-02
   2.9831305e-01   0.0000000e+00  -1.3299264e-02
   2.1343581e-01   5.4210109e-20  -2.7151678e-02
   1.9813882e-01   0.0000000e+00   1.1598748e-02
   2.5788258e-01  -1.0842022e-19   2.8226422e-02
   2.8869114e-01   0.0000000e+00  -1.8532176e-02
   2.0825889e-01   5.4210109e-20  -2.2969908e-02
   2.0238563e-01   0.0000000e+00   1.6938860e-02
   2.7317650e-01   0.0000000e+00   2.4088288e-02
   2.7217139e-01   0.0000000e+00  -2.4417539e-02
   2.0203369e-01   0.0000000e+00  -1.6599902e-02
   2.0854099e-01   1.0842022e-19   2.3287804e-02
   2.8938531e-01   0.0000000e+00   1.8261600e-02
   2.5725173e-01   0.0000000e+00  -2.8356637e-02
   1.9801634e-01   0.0000000e+00  -1.1361142e-02
   2.1371671e-01   0.0000000e+00   2.7295355e-02
   2.9868407e-01   1.0842022e-19   1.2998848e-02
   2.4566237e-01   0.0000000e+00  -2.9576364e-02
   1.9739245e-01  -1.0842022e-19  -5.9915334e-03
   2.2241936e-01   0.0000000e+00   2.9173420e-02
   3.0479164e-01   0.0000000e+00   3.5567116e-03
   2.3030952e-01  -5.4210109e-20  -2.9535525e-02
   1.9780233e-01   0.0000000e+00   2.0034045e-03
   2.3815935e-01  -1.0842022e-19   2.9616261e-02
   3.0218841e-01   0.0000000e+00  -8.9503315e-03
   2.1736873e-01  -1.0842022e-19  -2.8388088e-02
   1.9746437e-01   0.0000000e+00   8.8919802e-03
