   2.5018195e-01   0.0000000e+00  -2.9266158e-02
   1.9743053e-01   0.0000000e+00  -8.2064908e-03
   2.1852464e-01   0.0000000e+00   2.8606106e-02
   3.0297317e-01   1.0842022e-19   7.6729810e-03
   2.3609666e-01   0.0000000e+00  -2.9589633e-02
   1.9788411e-01   0.0000000e+00  -9.1545837e-04
   2.3250490e-01   -1.0842022e-19   2.9556371e-02
   3.0420142e-01   0.0000000e+00  -5.2189128e-03
   2.2080858e-01   0.0000000e+00  -2.8976054e-02
   1.9738268e-01   0.0000000e+00   6.8834976e-03
   2.4745135e-01   0.0000000e+00   2.9476525e-02
   2.9754528e-01   5.4210109e-20  -1.3869979e-02
   2.1289627e-01  -1.0842022e-19  -2.6840142e-02
   1.9842349e-01   0.0000000e+00   1.2082852e-02
   2.5920920e-01   0.0000000e+00   2.7933061e-02
   2.8718933e-01  -2.7105054e-20  -1.9095967e-02
   2.0767028e-01   0.0000000e+00  -2.2290145e-02
   2.0313835e-01   0.0000000e+00   1.7646465e-02
   2.7525718e-01   5.4210109e-20   2.3385091e-02
   2.7012734e-01  -1.0842022e-19  -2.5061864e-02
   2.0134795e-01   0.0000000e+00  -1.5910735e-02
   2.0912548e-01   0.0000000e+00   2.3913867e-02
   2.9075554e-01  -1.0842022e-19   1.7697952e-02
   2.5594614e-01   1.0842022e-19  -2.8599679e-02
   1.9780053e-01  -1.0842022e-19  -1.0846242e-02
   2.1437184e-01  -5.4210109e-20   2.7581043e-02
   2.9947667e-01   8.4703295e-22   1.2286475e-02
   2.4423918e-01   0.0000000e+00  -2.9621114e-02
   1.9744288e-01   0.0000000e+00  -5.2544856e-03
   2.2381371e-01   0.0000000e+00   2.9295334e-02
   3.0511200e-01   0.0000000e+00   2.1696368e-03
   2.2859981e-01   0.0000000e+00  -2.9504942e-02
   1.9771562e-01   0.0000000e+00   2.8481753e-03
   2.3974143e-01   0.0000000e+00   2.9632632e-02
   3.0154629e-01   0.0000000e+00  -9.8747001e-03
   2.1653978e-01   0.0000000e+00  -2.8209308e-02
   1.9750735e-01   0.0000000e+00   9.3988408e-03
   2.5267532e-01   0.0000000e+00   2.9037555e-02
   2.9369198e-01   0.0000000e+00  -1.6268207e-02
   2.1057050e-01  -5.4210109e-20  -2.5210940e-02
   2.0000247e-01   1.0842022e-19   1.4345695e-02
   2.6559024e-01  -5.4210109e-20   2.6354823e-02
   2.8003717e-01   0.0000000e+00  -2.1689685e-02
   2.0494638e-01   0.0000000e+00  -1.9348964e-02
   2.0617548e-01  -1.0842022e-19   2.0603434e-02
   2.8325554e-01   2.7105054e-20   2.0524052e-02
   2.6266073e-01   0.0000000e+00  -2.7104030e-02
   1.9924731e-01   0.0000000e+00  -1.3308903e-02
   2.1161613e-01   0.0000000e+00   2.5984613e-02
   2.9551728e-01   0.0000000e+00   1.5200928e-02
   2.5029657e-01   0.0000000e+00  -2.9256535e-02
   1.9743301e-01   0.0000000e+00  -8.2617650e-03
   2.1843104e-01   0.0000000e+00   2.8589135e-02
   3.0291405e-01   0.0000000e+00   7.7758891e-03
   2.3625770e-01   0.0000000e+00  -2.9591555e-02
   1.9787970e-01   0.0000000e+00  -9.9945289e-04
   2.3233645e-01  -1.0842022e-19   2.9555049e-02
   3.0425256e-01   0.0000000e+00  -5.0960563e-03
   2.2092558e-01   0.0000000e+00  -2.8992370e-02
   1.9738177e-01  -5.4210109e-20   6.8173145e-03
   2.4731680e-01   0.0000000e+00   2.9485395e-02
   2.9763602e-01  -1.0842022e-19  -1.3805279e-02
   2.1295782e-01  -5.4210109e-20  -2.6877456e-02
   1.9838880e-01   0.0000000e+00   1.2026360e-02
   2.5905254e-01   0.0000000e+00   2.7968639e-02
   2.8736765e-01   0.0000000e+00  -1.9029861e-02
   2.0773917e-01   5.4210109e-20  -2.2370148e-02
   2.0305007e-01   0.0000000e+00   1.7564101e-02
   2.7501701e-01   0.0000000e+00   2.3467501e-02
   2.7036073e-01   0.0000000e+00  -2.4990078e-02
   2.0142403e-01  -1.0842022e-19  -1.5989529e-02
   2.0905778e-01   0.0000000e+00   2.3843742e-02
   2.9060156e-01   0.0000000e+00   1.7763648e-02
   2.5609777e-01  -2.7105054e-20  -2.8573370e-02
   1.9782272e-01   1.0842022e-19  -1.0907772e-02
   2.1429019e-01   0.0000000e+00   2.7548732e-02
   2.9938242e-01  -2.7105054e-20   1.2376004e-02
   2.4441579e-01   0.0000000e+00  -2.9617019e-02
   1.9743504e-01   6.7762636e-21  -5.3470754e-03
   2.2363569e-01   0.0000000e+00   2.9281866e-02
   3.0508029e-01   0.0000000e+00   2.3436051e-03
   2.2880849e-01   0.0000000e+00  -2.9509495e-02
   1.9772736e-01   1.0842022e-19   2.7449761e-03
   2.3954894e-01   5.4210109e-20   2.9630852e-02
   3.0162608e-01   1.3552527e-20  -9.7646682e-03
   2.1663800e-01   0.0000000e+00  -2.8231589e-02
   1.9750140e-01   0.0000000e+00   9.3379554e-03
   2.5254599e-01   0.0000000e+00   2.9050925e-02
   2.9379598e-01  -2.7105054e-20  -1.6210853e-02
   2.1062733e-01  -5.4210109e-20  -2.5255549e-02
   1.9995823e-01   0.0000000e+00   1.4287947e-02
   2.6542630e-01   0.0000000e+00   2.6398239e-02
   2.8021426e-01  -5.4210109e-20  -2.1625614e-02
   2.0501436e-01   0.0000000e+00  -1.9415344e-02
   2.0611358e-01   0.0000000e+00   2.0537076e-02
   2.8309198e-01   1.0842022e-19   2.0583189e-02
   2.6280650e-01   0.0000000e+00  -2.7067789e-02
   1.9928357e-01   0.0000000e+00  -1.3360703e-02
   2.1156307e-01   0.0000000e+00   2.5947129e-02
   2.9542800e-01   0.0000000e+00   1.5255739e-02
   2.5041714e-01  -1.0842022e-19  -2.9246453e-02
   1.9743562e-01   0.0000000e+00  -8.3198402e-03
   2.1833203e-01   1.0842022e-19   2.8571305e-02
   3.0285007e-01  -5.4210109e-20   7.8842410e-03
   2.3642849e-01   0.0000000e+00  -2.9593673e-02
   1.9787462e-01   0.0000000e+00  -1.0886272e-03
   2.3215754e-01   0.0000000e+00   2.9553648e-02
   3.0430534e-01   0.0000000e+00  -4.9645297e-03
   2.2105145e-01   0.0000000e+00  -2.9009589e-02
   1.9738097e-01   5.4210109e-20   6.7464264e-03
   2.4717253e-01  -1.0842022e-19   2.9494749e-02
   2.9773257e-01   0.0000000e+00  -1.3735888e-02
   2.1302382e-01   0.0000000e+00  -2.6917013e-02
   1.9835213e-01   0.0000000e+00   1.1966096e-02
   2.5888582e-01   0.0000000e+00   2.8006309e-02
   2.8755763e-01   0.0000000e+00  -1.8959345e-02
   2.0781278e-01   0.0000000e+00  -2.2455534e-02
   2.0295580e-01   0.0000000e+00   1.7475963e-02
   2.7475937e-01   5.4210109e-20   2.3555611e-02
   2.7061198e-01   1.0842022e-19  -2.4912309e-02
   2.0150668e-01   0.0000000e+00  -1.6074288e-02
   2.0898498e-01  -1.3552527e-20   2.3767914e-02
   2.9043488e-01   0.0000000e+00   1.7833931e-02
   2.5626000e-01   0.0000000e+00  -2.8544643e-02
   1.9784737e-01   0.0000000e+00  -1.0973151e-02
   2.1420459e-01   0.0000000e+00   2.7513863e-02
   2.9928243e-01   0.0000000e+00   1.2469874e-02
   2.4460201e-01   1.3552527e-20  -2.9612302e-02
   1.9742679e-01  -2.7105054e-20  -5.4442507e-03
   2.2345012e-01   2.7105054e-20   2.9267171e-02
   3.0504426e-01   0.0000000e+00   2.5264042e-03
   2.2902993e-01   2.7105054e-20  -2.9514033e-02
   1.9773967e-01   3.3881318e-21   2.6357093e-03
   2.3934502e-01   0.0000000e+00   2.9628907e-02
   3.0170981e-01   0.0000000e+00  -9.6473073e-03
   2.1674315e-01  -5.4210109e-20  -2.8255038e-02
   1.9749528e-01  -1.0842022e-19   9.2731591e-03
   2.5240811e-01  -1.0842022e-19   2.9065009e-02
   2.9390599e-01   0.0000000e+00  -1.6149805e-02
   2.1068788e-01   0.0000000e+00  -2.5302720e-02
   1.9991150e-01   0.0000000e+00   1.4226652e-02
   2.6525213e-01   0.0000000e+00   2.6444176e-02
   2.8040301e-01   0.0000000e+00  -2.1557428e-02
   2.0508663e-01   1.0842022e-19  -1.9486360e-02
   2.0604653e-01  -1.3552527e-20   2.0466145e-02
   2.8291663e-01   0.0000000e+00   2.0646849e-02
   2.6296440e-01   1.0842022e-19  -2.7028629e-02
   1.9932274e-01   0.0000000e+00  -1.3416671e-02
   2.1150564e-01   0.0000000e+00   2.5906567e-02
   2.9533164e-01   0.0000000e+00   1.5315002e-02
   2.5054704e-01   0.0000000e+00  -2.9235558e-02
   1.9743832e-01  -1.0842022e-19  -8.3828498e-03
   2.1822504e-01   5.4210109e-20   2.8551841e-02
   3.0278033e-01   0.0000000e+00   8.0019675e-03
   2.3661462e-01   0.0000000e+00  -2.9596101e-02
   1.9786875e-01   1.0842022e-19  -1.1863611e-03
   2.3196123e-01   0.0000000e+00   2.9552106e-02
   3.0436269e-01   0.0000000e+00  -4.8191189e-03
   2.2119108e-01   1.0842022e-19  -2.9028313e-02
   1.9738036e-01   0.0000000e+00   6.6680627e-03
   2.4701324e-01   0.0000000e+00   2.9504831e-02
   2.9783726e-01   0.0000000e+00  -1.3659133e-02
   2.1309676e-01   0.0000000e+00  -2.6960152e-02
   1.9831228e-01  -6.7762636e-21   1.1899929e-02
   2.5870377e-01  -1.0842022e-19   2.8047240e-02
   2.8776551e-01  -1.0842022e-19  -1.8881978e-02
   2.0789374e-01   1.0842022e-19  -2.2549183e-02
   2.0285224e-01  -1.0842022e-19   1.7378988e-02
   2.7447518e-01   0.0000000e+00   2.3652402e-02
   2.7088981e-01   1.0842022e-19  -2.4825601e-02
   2.0159897e-01  -1.0842022e-19  -1.6168036e-02
   2.0890484e-01   0.0000000e+00   2.3683504e-02
   2.9024997e-01   0.0000000e+00   1.7911189e-02
   2.5643893e-01   0.0000000e+00  -2.8512341e-02
   1.9787553e-01   1.0842022e-19  -1.1044484e-02
   2.1411211e-01   0.0000000e+00   2.7475208e-02
   2.9917320e-01  -1.0842022e-19   1.2570750e-02
   2.4480256e-01   1.0842022e-19  -2.9606729e-02
   1.9741861e-01   5.4210109e-20  -5.5487306e-03
   2.2325123e-01   0.0000000e+00   2.9250755e-02
   3.0500254e-01   0.0000000e+00   2.7231157e-03
   2.2926986e-01  -1.0842022e-19  -2.9518692e-02
   1.9775171e-01  -5.4210109e-20   2.5171860e-03
   2.3912372e-01  -8.4703295e-22   2.9626706e-02
   3.0180043e-01  -5.4210109e-20  -9.5189762e-03
   2.1685849e-01   0.0000000e+00  -2.8280321e-02
   1.9748891e-01   0.0000000e+00   9.2024995e-03
   2.5225820e-01   0.0000000e+00   2.9080126e-02
   2.9402571e-01   0.0000000e+00  -1.6083239e-02
   2.1075372e-01   0.0000000e+00  -2.5353761e-02
   1.9986098e-01  -1.0842022e-19   1.4160081e-02
   2.6506265e-01  -5.4210109e-20   2.6493878e-02
   2.8060867e-01   0.0000000e+00  -2.1483190e-02
   2.0516520e-01   0.0000000e+00  -1.9564130e-02
   2.0597262e-01  -2.7105054e-20   2.0388514e-02
   2.8272368e-01   0.0000000e+00   2.0716981e-02
   2.6313796e-01   0.0000000e+00  -2.6985361e-02
   1.9936605e-01   0.0000000e+00  -1.3478516e-02
   2.1144229e-01   6.7762636e-21   2.5861659e-02
   2.9522557e-01   0.0000000e+00   1.5380433e-02
   2.5069141e-01   0.0000000e+00  -2.9223442e-02
   1.9744142e-01   0.0000000e+00  -8.4526212e-03
   2.1810702e-01   0.0000000e+00   2.8530100e-02
   3.0270240e-01  -1.0842022e-19   8.1324130e-03
   2.3682224e-01   0.0000000e+00  -2.9598861e-02
   1.9786133e-01   0.0000000e+00  -1.2956516e-03
   2.3174059e-01   0.0000000e+00   2.9550372e-02
   3.0442570e-01   0.0000000e+00  -4.6550225e-03
   2.2134846e-01  -1.0842022e-19  -2.9049055e-02
   1.9738009e-01   0.0000000e+00   6.5796898e-03
   2.4683479e-01   0.0000000e+00   2.9515807e-02
   2.9795439e-01   1.0842022e-19  -1.3572557e-02
   2.1317891e-01  -1.6940659e-21  -2.7007882e-02
   1.9826854e-01   0.0000000e+00   1.1826055e-02
   2.5850043e-01   0.0000000e+00   2.8092349e-02
   2.8799609e-01   0.0000000e+00  -1.8795759e-02
   2.0798426e-01   0.0000000e+00  -2.2653347e-02
   2.0273710e-01   0.0000000e+00   1.7270665e-02
   2.7415696e-01   0.0000000e+00   2.3760238e-02
   2.7120204e-01   0.0000000e+00  -2.4727383e-02
   2.0170359e-01   3.3881318e-21  -1.6273321e-02
   2.0881531e-01  -5.4210109e-20   2.3588054e-02
   2.9004122e-01   0.0000000e+00   1.7997380e-02
   2.5663809e-01  -5.4210109e-20  -2.8475444e-02
   1.9790823e-01   1.0842022e-19  -1.1123387e-02
   2.1401094e-01  -1.0842022e-19   2.7431674e-02
   2.9905208e-01   0.0000000e+00   1.2680410e-02
   2.4502129e-01   0.0000000e+00  -2.9600030e-02
   1.9741067e-01  -1.0842022e-19  -5.6622851e-03
   2.2303585e-01   0.0000000e+00   2.9232169e-02
   3.0495392e-01   0.0000000e+00   2.9369967e-03
   2.2953273e-01   0.0000000e+00  -2.9523473e-02
   1.9776513e-01   0.0000000e+00   2.3871679e-03
   2.3887993e-01  -1.0842022e-19   2.9624225e-02
   3.0189946e-01   0.0000000e+00  -9.3770027e-03
   2.1698561e-01   1.0842022e-19  -2.8307908e-02
   1.9748225e-01   0.0000000e+00   9.1245870e-03
   2.5209359e-01   1.0842022e-19   2.9096481e-02
   2.9415627e-01   0.0000000e+00  -1.6009903e-02
   2.1082618e-01   1.3552527e-20  -2.5409448e-02
   1.9980602e-01   0.0000000e+00   1.4087096e-02
   2.6485547e-01   0.0000000e+00   2.6548071e-02
   2.8083477e-01   0.0000000e+00  -2.1401619e-02
   2.0525110e-01   0.0000000e+00  -1.9650102e-02
   2.0589040e-01   0.0000000e+00   2.0302741e-02
   2.8250848e-01   0.0000000e+00   2.0795006e-02
   2.6333169e-01   0.0000000e+00  -2.6936986e-02
   1.9941446e-01   0.0000000e+00  -1.3547466e-02
   2.1137158e-01   0.0000000e+00   2.5811429e-02
   2.9510552e-01   0.0000000e+00   1.5453231e-02
   2.5085233e-01   1.0842022e-19  -2.9209818e-02
   1.9744486e-01   0.0000000e+00  -8.5303745e-03
   2.1797548e-01   0.0000000e+00   2.8505684e-02
   3.0261439e-01   0.0000000e+00   8.2777472e-03
   2.3705554e-01  -5.4210109e-20  -2.9601984e-02
   1.9785198e-01   5.4210109e-20  -1.4186120e-03
   2.3149246e-01  -5.4210109e-20   2.9548284e-02
   3.0449496e-01  -2.7105054e-20  -4.4685860e-03
   2.2152844e-01  -5.4210109e-20  -2.9071948e-02
   1.9738045e-01  -1.0842022e-19   6.4794161e-03
   2.4663228e-01  -1.0842022e-19   2.9527730e-02
   2.9808526e-01   0.0000000e+00  -1.3474392e-02
   2.1327135e-01   1.0842022e-19  -2.7060752e-02
   1.9822054e-01   0.0000000e+00   1.1743381e-02
   2.5827440e-01   0.0000000e+00   2.8141957e-02
   2.8825116e-01   6.7762636e-21  -1.8699592e-02
   2.0808425e-01   0.0000000e+00  -2.2769302e-02
   2.0260829e-01   2.7105054e-20   1.7149700e-02
   2.7380051e-01   1.0842022e-19   2.3880289e-02
   2.7155305e-01   0.0000000e+00  -2.4615953e-02
   2.0182194e-01  -2.7105054e-20  -1.6391702e-02
   2.0871560e-01  -1.0842022e-19   2.3479933e-02
   2.8980511e-01   0.0000000e+00   1.8093589e-02
   2.5686122e-01   0.0000000e+00  -2.8433127e-02
   1.9794629e-01   0.0000000e+00  -1.1210615e-02
   2.1390116e-01   0.0000000e+00   2.7382536e-02
   2.9891756e-01  -1.0842022e-19   1.2799247e-02
   2.4525978e-01  -2.7105054e-20  -2.9591922e-02
   1.9740327e-01  -2.1684043e-19  -5.7852432e-03
   2.2280441e-01   0.0000000e+00   2.9211051e-02
   3.0489766e-01  -1.3552527e-20   3.1685444e-03
   2.2982056e-01   0.0000000e+00  -2.9528255e-02
   1.9777983e-01   6.7762636e-21   2.2450431e-03
   2.3861329e-01   0.0000000e+00   2.9621371e-02
   3.0200696e-01   0.0000000e+00  -9.2203660e-03
   2.1712592e-01   0.0000000e+00  -2.8337787e-02
   1.9747546e-01  -1.0842022e-19   9.0389593e-03
   2.5191271e-01   0.0000000e+00   2.9114063e-02
   2.9429755e-01   0.0000000e+00  -1.5929429e-02
   2.1090550e-01   0.0000000e+00  -2.5469873e-02
   1.9974651e-01   1.0842022e-19   1.4007460e-02
   2.6462979e-01   0.0000000e+00   2.6606784e-02
   2.8108125e-01   0.0000000e+00  -2.1312473e-02
   2.0534506e-01   0.0000000e+00  -1.9744590e-02
   2.0579960e-01  -1.0842022e-19   2.0208434e-02
   2.8227069e-01   0.0000000e+00   2.0881301e-02
   2.6354686e-01  -1.0842022e-19  -2.6883088e-02
   1.9946835e-01   0.0000000e+00  -1.3623894e-02
   2.1129318e-01   0.0000000e+00   2.5755524e-02
   2.9497228e-01   0.0000000e+00   1.5533613e-02
   2.5103014e-01  -5.4210109e-20  -2.9194545e-02
   1.9744907e-01   0.0000000e+00  -8.6163156e-03
   2.1783016e-01   0.0000000e+00   2.8478393e-02
   3.0251551e-01   0.0000000e+00   8.4381919e-03
   2.3731535e-01   0.0000000e+00  -2.9605438e-02
   1.9784164e-01  -1.0842022e-19  -1.5557679e-03
   2.3121563e-01   1.3552527e-20   2.9545731e-02
   3.0456993e-01  -1.0842022e-19  -4.2584071e-03
   2.2173246e-01   0.0000000e+00  -2.9096858e-02
   1.9738197e-01   0.0000000e+00   6.3665803e-03
   2.4640591e-01   5.4210109e-20   2.9540372e-02
   2.9822947e-01   0.0000000e+00  -1.3364090e-02
   2.1337509e-01   0.0000000e+00  -2.7118379e-02
   1.9816892e-01  -1.3552527e-20   1.1651971e-02
   2.5802648e-01  -1.0842022e-19   2.8195580e-02
   2.8852983e-01   0.0000000e+00  -1.8593746e-02
   2.0819467e-01   0.0000000e+00  -2.2896199e-02
   2.0246723e-01   0.0000000e+00   1.7016542e-02
   2.7340654e-01   0.0000000e+00   2.4011800e-02
   2.7194241e-01   0.0000000e+00  -2.4491264e-02
   2.0195469e-01   5.4210109e-20  -1.6522821e-02
   2.0860614e-01   0.0000000e+00   2.3359130e-02
   2.8954141e-01   1.0842022e-19   1.8199458e-02
   2.5710741e-01   0.0000000e+00  -2.8385224e-02
