   2.5594769e-01   0.0000000e+00  -2.8599146e-02
   1.9780100e-01   0.0000000e+00  -1.0846657e-02
   2.1437178e-01   0.0000000e+00   2.7580624e-02
   2.9947586e-01   0.0000000e+00   1.2286485e-02
   2.4423908e-01  -1.0842022e-19  -2.9620913e-02
   1.9744303e-01   1.0842022e-19  -5.2542443e-03
   2.2381444e-01  -1.0842022e-19   2.9295217e-02
   3.0511164e-01   0.0000000e+00   2.1687965e-03
   2.2859869e-01   0.0000000e+00  -2.9504767e-02
   1.9771583e-01  -5.4210109e-20   2.8488508e-03
   2.3974303e-01   0.0000000e+00   2.9632459e-02
   3.0154490e-01  -1.0842022e-19  -9.8756559e-03
   2.1653876e-01  -1.0842022e-19  -2.8208785e-02
   1.9750783e-01  -2.1684043e-19   9.3997157e-03
   2.5267786e-01   0.0000000e+00   2.9037010e-02
   2.9368892e-01   0.0000000e+00  -1.6269370e-02
   2.1056935e-01   0.0000000e+00  -2.5209425e-02
   2.0000424e-01   0.0000000e+00   1.4347373e-02
   2.6559570e-01  -5.4210109e-20   2.6353144e-02
   2.8003083e-01   0.0000000e+00  -2.1691786e-02
   2.0494400e-01   1.0842022e-19  -1.9346382e-02
   2.0617808e-01   0.0000000e+00   2.0605873e-02
   2.8326204e-01  -2.7105054e-20   2.0521469e-02
   2.6265449e-01   0.0000000e+00  -2.7105337e-02
   1.9924615e-01   0.0000000e+00  -1.3306372e-02
   2.1161932e-01   0.0000000e+00   2.5986190e-02
   2.9552159e-01   1.0842022e-19   1.5197647e-02
   2.5028931e-01   0.0000000e+00  -2.9256838e-02
   1.9743330e-01   0.0000000e+00  -8.2579004e-03
   2.1843796e-01   0.0000000e+00   2.8590103e-02
   3.0291830e-01   0.0000000e+00   7.7680295e-03
   2.3624538e-01   0.0000000e+00  -2.9591198e-02
   1.9788038e-01   0.0000000e+00  -9.9277210e-04
   2.3235022e-01   0.0000000e+00   2.9554960e-02
   3.0424811e-01   0.0000000e+00  -5.1061851e-03
   2.2091588e-01   0.0000000e+00  -2.8990756e-02
   1.9738235e-01   0.0000000e+00   6.8230554e-03
   2.4732917e-01   1.3552527e-20   2.9484328e-02
   2.9762696e-01  -1.0842022e-19  -1.3811220e-02
   2.1295215e-01   0.0000000e+00  -2.6873493e-02
   1.9839296e-01   0.0000000e+00   1.2032021e-02
   2.5906906e-01  -2.7105054e-20   2.7964687e-02
   2.8734823e-01   0.0000000e+00  -1.9036812e-02
   2.0773202e-01  -2.7105054e-20  -2.2361275e-02
   2.0306004e-01   5.4210109e-20   1.7573087e-02
   2.7504371e-01   0.0000000e+00   2.3458209e-02
   2.7033442e-01   0.0000000e+00  -2.4998042e-02
   2.0141554e-01   0.0000000e+00  -1.5980502e-02
   2.0906555e-01  -1.0842022e-19   2.3851688e-02
   2.9061937e-01   0.0000000e+00   1.7755829e-02
   2.5607969e-01   0.0000000e+00  -2.8576301e-02
   1.9782026e-01   0.0000000e+00  -1.0900195e-02
   2.1430075e-01   0.0000000e+00   2.7552534e-02
   2.9939413e-01   0.0000000e+00   1.2364465e-02
   2.4439295e-01   0.0000000e+00  -2.9617375e-02
   1.9743634e-01   0.0000000e+00  -5.3348867e-03
   2.2365945e-01   0.0000000e+00   2.9283515e-02
   3.0508435e-01  -1.0842022e-19   2.3203227e-03
   2.2878050e-01  -5.4210109e-20  -2.9508740e-02
   1.9772588e-01   0.0000000e+00   2.7590051e-03
   2.3957553e-01   0.0000000e+00   2.9630918e-02
   3.0161472e-01   0.0000000e+00  -9.7798978e-03
   2.1662429e-01   0.0000000e+00  -2.8228198e-02
   1.9750256e-01   0.0000000e+00   9.3467075e-03
   2.5256535e-01   1.3552527e-20   2.9048676e-02
   2.9377974e-01   0.0000000e+00  -1.6219416e-02
   2.1061900e-01   0.0000000e+00  -2.5248304e-02
   1.9996569e-01  -5.4210109e-20   1.4297046e-02
   2.6545275e-01   0.0000000e+00   2.6391012e-02
   2.8018499e-01   5.4210109e-20  -2.1635958e-02
   2.0500312e-01   2.1684043e-19  -1.9404210e-02
   2.0612400e-01   0.0000000e+00   2.0548081e-02
   2.8311951e-01   0.0000000e+00   2.0572965e-02
   2.6278120e-01  -1.0842022e-19  -2.7073810e-02
   1.9927778e-01   0.0000000e+00  -1.3351475e-02
   2.1157319e-01   2.7105054e-20   2.5953562e-02
   2.9544393e-01   0.0000000e+00   1.5245399e-02
   2.5039419e-01  -1.0842022e-19  -2.9248073e-02
   1.9743553e-01   1.0842022e-19  -8.3085014e-03
   2.1835176e-01   0.0000000e+00   2.8574585e-02
   3.0286235e-01   0.0000000e+00   7.8624562e-03
   2.3639404e-01  -1.0842022e-19  -2.9593044e-02
   1.9787594e-01   0.0000000e+00  -1.0704111e-03
   2.3219467e-01   0.0000000e+00   2.9553749e-02
   3.0429400e-01   2.7105054e-20  -4.9917897e-03
   2.2102548e-01   0.0000000e+00  -2.9005773e-02
   1.9738166e-01   0.0000000e+00   6.7613781e-03
   2.4720337e-01   1.0842022e-19   2.9492527e-02
   2.9771128e-01   0.0000000e+00  -1.3750828e-02
   2.1300972e-01   1.3552527e-20  -2.6908011e-02
   1.9836090e-01  -1.0842022e-19   1.1979491e-02
   2.5892350e-01   0.0000000e+00   2.7997604e-02
   2.8751413e-01   0.0000000e+00  -1.8975317e-02
   2.0779619e-01   0.0000000e+00  -2.2435773e-02
   2.0297777e-01   0.0000000e+00   1.7496246e-02
   2.7481910e-01   5.4210109e-20   2.3535071e-02
   2.7055331e-01  -3.3881318e-21  -2.4930366e-02
   2.0148733e-01  -1.0842022e-19  -1.6054375e-02
   2.0900231e-01  -1.0842022e-19   2.3785645e-02
   2.9047410e-01   0.0000000e+00   1.7817167e-02
   2.5622119e-01  -1.0842022e-19  -2.8551346e-02
   1.9784164e-01   1.0842022e-19  -1.0957345e-02
   2.1422588e-01   0.0000000e+00   2.7522142e-02
   2.9930667e-01   5.4210109e-20   1.2446767e-02
   2.4455631e-01  -6.7762636e-21  -2.9613313e-02
   1.9742941e-01   0.0000000e+00  -5.4200749e-03
   2.2349664e-01  -1.3552527e-20   2.9270714e-02
   3.0505351e-01   0.0000000e+00   2.4805842e-03
   2.2897440e-01  -1.3552527e-20  -2.9512754e-02
   1.9773653e-01   0.0000000e+00   2.6633423e-03
   2.3939713e-01   1.3552527e-20   2.9629234e-02
   3.0168788e-01  -5.4210109e-20  -9.6772832e-03
   2.1671636e-01   0.0000000e+00  -2.8248767e-02
   1.9749707e-01   0.0000000e+00   9.2900020e-03
   2.5244441e-01   0.0000000e+00   2.9061060e-02
   2.9387613e-01   0.0000000e+00  -1.6165967e-02
   2.1067209e-01   0.0000000e+00  -2.5289696e-02
   1.9992464e-01  -5.4210109e-20   1.4243315e-02
   2.6530010e-01   0.0000000e+00   2.6431337e-02
   2.8035050e-01   0.0000000e+00  -2.1576207e-02
   2.0506641e-01   1.0842022e-19  -1.9466413e-02
   2.0606565e-01   0.0000000e+00   2.0485947e-02
   2.8296625e-01   0.0000000e+00   2.0628651e-02
   2.6291941e-01   0.0000000e+00  -2.7039602e-02
   1.9931201e-01  -2.7105054e-20  -1.3400412e-02
   2.1152308e-01   3.3881318e-21   2.5918104e-02
   2.9535979e-01   0.0000000e+00   1.5297274e-02
   2.5050791e-01   0.0000000e+00  -2.9238575e-02
   1.9743793e-01   0.0000000e+00  -8.3636430e-03
   2.1825817e-01   5.4210109e-20   2.8557583e-02
   3.0280157e-01   0.0000000e+00   7.9655096e-03
   2.3655659e-01   1.0842022e-19  -2.9595177e-02
   1.9787070e-01   0.0000000e+00  -1.1557965e-03
   2.3202294e-01   0.0000000e+00   2.9552434e-02
   3.0434417e-01   0.0000000e+00  -4.8650095e-03
   2.2114680e-01   0.0000000e+00  -2.9022227e-02
   1.9738094e-01  -5.4210109e-20   6.6930225e-03
   2.4706440e-01   5.4210109e-20   2.9501410e-02
   2.9780287e-01   0.0000000e+00  -1.3683859e-02
   2.1307349e-01   0.0000000e+00  -2.6945851e-02
   1.9832562e-01   1.0842022e-19   1.1921610e-02
   2.5876406e-01   0.0000000e+00   2.8033555e-02
   2.8769675e-01  -1.0842022e-19  -1.8907550e-02
   2.0786686e-01   5.4210109e-20  -2.2517854e-02
   2.0288693e-01   0.0000000e+00   1.7411367e-02
   2.7457039e-01   0.0000000e+00   2.3619873e-02
   2.7079614e-01   0.0000000e+00  -2.4854745e-02
   2.0156766e-01  -1.0842022e-19  -1.6136369e-02
   2.0893247e-01   0.0000000e+00   2.3711946e-02
   2.9031269e-01   0.0000000e+00   1.7884875e-02
   2.5637804e-01   0.0000000e+00  -2.8523239e-02
   1.9786605e-01   0.0000000e+00  -1.1020022e-02
   2.1414383e-01   0.0000000e+00   2.7488398e-02
   2.9921090e-01   0.0000000e+00   1.2535863e-02
   2.4473292e-01   0.0000000e+00  -2.9608561e-02
   1.9742195e-01   0.0000000e+00  -5.5123687e-03
   2.2332058e-01   1.0842022e-19   2.9256417e-02
   3.0501757e-01  -1.0842022e-19   2.6543368e-03
   2.2918562e-01   0.0000000e+00  -2.9516966e-02
   1.9774807e-01   0.0000000e+00   2.5588825e-03
   2.3920186e-01  -1.0842022e-19   2.9627349e-02
   3.0176795e-01   0.0000000e+00  -9.5644449e-03
   2.1681781e-01  -1.0842022e-19  -2.8271111e-02
   1.9749136e-01   0.0000000e+00   9.2277933e-03
   2.5231234e-01   5.4210109e-20   2.9074461e-02
   2.9398214e-01   0.0000000e+00  -1.6107325e-02
   2.1073020e-01   0.0000000e+00  -2.5334812e-02
   1.9988006e-01   0.0000000e+00   1.4184561e-02
   2.6513276e-01  -5.4210109e-20   2.6475298e-02
   2.8053226e-01   0.0000000e+00  -2.1510705e-02
   2.0513578e-01   0.0000000e+00  -1.9534929e-02
   2.0600095e-01   0.0000000e+00   2.0417526e-02
   2.8279631e-01   0.0000000e+00   2.0690351e-02
   2.6307185e-01   5.4210109e-20  -2.7001619e-02
   1.9935014e-01  -2.7105054e-20  -1.3454779e-02
   2.1146698e-01   1.0842022e-19   2.5878711e-02
   2.9526660e-01   0.0000000e+00   1.5354868e-02
   2.5063505e-01   2.7105054e-20  -2.9227951e-02
   1.9744050e-01   5.4210109e-20  -8.4250488e-03
   2.1815441e-01   0.0000000e+00   2.8538507e-02
   3.0273347e-01   0.0000000e+00   8.0803534e-03
   2.3673901e-01   0.0000000e+00  -2.9597599e-02
   1.9786453e-01   0.0000000e+00  -1.2517275e-03
   2.3182937e-01   0.0000000e+00   2.9550945e-02
   3.0439992e-01   0.0000000e+00  -4.7214053e-03
   2.2128444e-01   0.0000000e+00  -2.9040547e-02
   1.9738050e-01  -5.4210109e-20   6.6156364e-03
   2.4690792e-01  -6.7762636e-21   2.9511172e-02
   2.9790622e-01   0.0000000e+00  -1.3608008e-02
   2.1314507e-01   0.0000000e+00  -2.6988082e-02
   1.9828657e-01   0.0000000e+00   1.1856597e-02
   2.5858464e-01   0.0000000e+00   2.8073514e-02
   2.8789967e-01   2.7105054e-20  -1.8831599e-02
   2.0794628e-01   1.0842022e-19  -2.2609787e-02
   2.0278518e-01   0.0000000e+00   1.7315973e-02
   2.7429022e-01   5.4210109e-20   2.3714988e-02
   2.7107070e-01  -1.3552527e-20  -2.4768686e-02
   2.0165929e-01   0.0000000e+00  -1.6228955e-02
   2.0885344e-01   0.0000000e+00   2.3628248e-02
   2.9012976e-01  -1.0842022e-19   1.7960883e-02
   2.5655356e-01   0.0000000e+00  -2.8491022e-02
   1.9789440e-01   0.0000000e+00  -1.1089863e-02
   2.1405382e-01   0.0000000e+00   2.7450151e-02
   2.9910411e-01  -1.0842022e-19   1.2633622e-02
   2.4492773e-01   5.4210109e-20  -2.9602827e-02
   1.9741429e-01   0.0000000e+00  -5.6136512e-03
   2.2312806e-01   1.0842022e-19   2.9240122e-02
   3.0497516e-01   0.0000000e+00   2.8451059e-03
   2.2941934e-01   0.0000000e+00  -2.9521344e-02
   1.9775961e-01   0.0000000e+00   2.4433104e-03
   2.3898524e-01   0.0000000e+00   2.9625196e-02
   3.0185629e-01   0.0000000e+00  -9.4386401e-03
   2.1693015e-01   0.0000000e+00  -2.8295762e-02
   1.9748526e-01   0.0000000e+00   9.1586370e-03
   2.5216601e-01   1.0842022e-19   2.9089113e-02
   2.9409817e-01   0.0000000e+00  -1.6042197e-02
   2.1079432e-01  -1.0842022e-19  -2.5384551e-02
   1.9983092e-01   0.0000000e+00   1.4119548e-02
   2.6494816e-01   0.0000000e+00   2.6523697e-02
   2.8073295e-01   0.0000000e+00  -2.1438119e-02
   2.0521276e-01   0.0000000e+00  -1.9611266e-02
   2.0592812e-01   0.0000000e+00   2.0341324e-02
   2.8260552e-01   0.0000000e+00   2.0759519e-02
   2.6324351e-01   0.0000000e+00  -2.6958842e-02
   1.9939302e-01   1.3552527e-20  -1.3515852e-02
   2.1140393e-01   0.0000000e+00   2.5834328e-02
   2.9516023e-01   0.0000000e+00   1.5419506e-02
   2.5077762e-01   0.0000000e+00  -2.9215945e-02
   1.9744353e-01   5.4210109e-20  -8.4940547e-03
   2.1803713e-01   0.0000000e+00   2.8516977e-02
   3.0265613e-01   0.0000000e+00   8.2094130e-03
   2.3694563e-01   0.0000000e+00  -2.9600373e-02
   1.9785696e-01  -1.3552527e-20  -1.3604792e-03
   2.3161015e-01  -5.4210109e-20   2.9549160e-02
   3.0446173e-01   0.0000000e+00  -4.5571813e-03
   2.2144286e-01  -5.4210109e-20  -2.9060979e-02
   1.9738039e-01   5.4210109e-20   6.5272332e-03
   2.4672895e-01   0.0000000e+00   2.9521938e-02
   2.9802295e-01   0.0000000e+00  -1.3521386e-02
   2.1322667e-01  -1.0842022e-19  -2.7035302e-02
   1.9824349e-01   0.0000000e+00   1.1783177e-02
   2.5838349e-01   0.0000000e+00   2.8117964e-02
   2.8812735e-01   0.0000000e+00  -1.8746033e-02
   2.0803603e-01  -1.0842022e-19  -2.2713071e-02
   2.0267085e-01   0.0000000e+00   1.7208336e-02
   2.7397338e-01   0.0000000e+00   2.3821979e-02
   2.7138249e-01   0.0000000e+00  -2.4670225e-02
   2.0176437e-01   1.0842022e-19  -1.6333952e-02
   2.0876435e-01  -5.4210109e-20   2.3532682e-02
   2.8992105e-01   0.0000000e+00   1.8046529e-02
   2.5675223e-01   1.0842022e-19  -2.8453801e-02
   1.9792763e-01   0.0000000e+00  -1.1167893e-02
   2.1395490e-01   1.0842022e-19   2.7406610e-02
   2.9898436e-01   0.0000000e+00   1.2740950e-02
   2.4514286e-01   0.0000000e+00  -2.9595857e-02
   1.9740685e-01   0.0000000e+00  -5.7247817e-03
   2.2291848e-01   0.0000000e+00   2.9221442e-02
   3.0492534e-01   0.0000000e+00   3.0544227e-03
   2.2967850e-01   2.7105054e-20  -2.9525821e-02
   1.9777252e-01   0.0000000e+00   2.3153986e-03
   2.3874547e-01   5.4210109e-20   2.9622687e-02
   3.0195347e-01   0.0000000e+00  -9.2982531e-03
   2.1705596e-01   0.0000000e+00  -2.8322792e-02
   1.9747886e-01   1.0842022e-19   9.0817325e-03
   2.5200323e-01   0.0000000e+00   2.9105107e-02
   2.9422595e-01   0.0000000e+00  -1.5969838e-02
   2.1086558e-01   1.0842022e-19  -2.5439235e-02
   1.9977702e-01   5.4210109e-20   1.4047709e-02
   2.6474458e-01   0.0000000e+00   2.6576864e-02
   2.8095517e-01   0.0000000e+00  -2.1357758e-02
   2.0529773e-01   0.0000000e+00  -1.9696218e-02
   2.0584645e-01   0.0000000e+00   2.0256547e-02
   2.8239239e-01   0.0000000e+00   2.0836920e-02
   2.6343652e-01   0.0000000e+00  -2.6910683e-02
   1.9944122e-01   0.0000000e+00  -1.3584360e-02
   2.1133354e-01   0.0000000e+00   2.5784355e-02
   2.9504125e-01   0.0000000e+00   1.5491745e-02
   2.5093727e-01   5.4210109e-20  -2.9202355e-02
   1.9744707e-01  -5.4210109e-20  -8.5712949e-03
   2.1790636e-01   0.0000000e+00   2.8492614e-02
   3.0256810e-01  -1.0842022e-19   8.3537520e-03
   2.3717855e-01   0.0000000e+00  -2.9603483e-02
   1.9784724e-01  -5.4210109e-20  -1.4832583e-03
   2.3136257e-01   0.0000000e+00   2.9546974e-02
   3.0452970e-01   0.0000000e+00  -4.3700119e-03
   2.2162435e-01   0.0000000e+00  -2.9083558e-02
   1.9738099e-01   0.0000000e+00   6.4266390e-03
   2.4652650e-01   0.0000000e+00   2.9533581e-02
   2.9815304e-01   0.0000000e+00  -1.3422943e-02
   2.1331937e-01   0.0000000e+00  -2.7087585e-02
   1.9819633e-01   0.0000000e+00   1.1700869e-02
   2.5815959e-01  -1.0842022e-19   2.8166831e-02
   2.8837989e-01  -5.4210109e-20  -1.8650479e-02
   2.0813562e-01   2.7105054e-20  -2.2828019e-02
   2.0254346e-01   0.0000000e+00   1.7088055e-02
   2.7361873e-01   0.0000000e+00   2.3941042e-02
   2.7173257e-01   0.0000000e+00  -2.4558569e-02
   2.0188328e-01  -1.3552527e-20  -1.6451990e-02
   2.0866501e-01   0.0000000e+00   2.3424437e-02
   2.8968468e-01   0.0000000e+00   1.8142180e-02
   2.5697409e-01   2.7105054e-20  -2.8411167e-02
   1.9796623e-01   5.4210109e-20  -1.1254203e-02
   2.1384746e-01   0.0000000e+00   2.7357458e-02
   2.9885079e-01   0.0000000e+00   1.2857320e-02
   2.4537664e-01   1.0842022e-19  -2.9587497e-02
   1.9739995e-01  -1.0842022e-19  -5.8451204e-03
   2.2269278e-01   1.0842022e-19   2.9200276e-02
   3.0486779e-01   0.0000000e+00   3.2809542e-03
   2.2996146e-01   0.0000000e+00  -2.9530322e-02
   1.9778687e-01  -6.7762636e-21   2.1756419e-03
   2.3848328e-01   0.0000000e+00   2.9619802e-02
   3.0205866e-01   0.0000000e+00  -9.1434719e-03
   2.1719518e-01   2.7105054e-20  -2.8352001e-02
   1.9747242e-01   0.0000000e+00   8.9972800e-03
   2.5182578e-01  -6.7762636e-21   2.9122227e-02
   2.9436502e-01   0.0000000e+00  -1.5890486e-02
   2.1094365e-01   0.0000000e+00  -2.5498452e-02
   1.9971875e-01  -5.4210109e-20   1.3969444e-02
   2.6452236e-01   0.0000000e+00   2.6634389e-02
   2.8119766e-01  -5.4210109e-20  -2.1270056e-02
   2.0539004e-01  -2.7105054e-20  -1.9789437e-02
   2.0575642e-01   0.0000000e+00   2.0163509e-02
   2.8215719e-01   0.0000000e+00   2.0922329e-02
   2.6364917e-01   0.0000000e+00  -2.6857175e-02
