   1.9921232e-01   0.0000000e+00  -1.3258139e-02
   2.1166864e-01   1.0842022e-19   2.6021204e-02
   2.9560424e-01   0.0000000e+00   1.5147316e-02
   2.5017943e-01   0.0000000e+00  -2.9266365e-02
   1.9743059e-01   2.7105054e-20  -8.2051280e-03
   2.1852676e-01   1.0842022e-19   2.8606523e-02
   3.0297443e-01   0.0000000e+00   7.6704040e-03
   2.3609309e-01   0.0000000e+00  -2.9589546e-02
   1.9788451e-01   0.0000000e+00  -9.1334523e-04
   2.3250917e-01   0.0000000e+00   2.9556391e-02
   3.0419955e-01   0.0000000e+00  -5.2220217e-03
   2.2080572e-01   0.0000000e+00  -2.8975613e-02
   1.9738308e-01  -1.0842022e-19   6.8851763e-03
   2.4745517e-01  -1.0842022e-19   2.9476255e-02
   2.9754345e-01   0.0000000e+00  -1.3871642e-02
   2.1289524e-01  -1.0842022e-19  -2.6839065e-02
   1.9842447e-01   1.0842022e-19   1.2084370e-02
   2.5921329e-01   0.0000000e+00   2.7932072e-02
   2.8718428e-01   1.0842022e-19  -1.9097767e-02
   2.0766820e-01   0.0000000e+00  -2.2287956e-02
   2.0314114e-01   0.0000000e+00   1.7648685e-02
   2.7526385e-01  -1.0842022e-19   2.3382805e-02
   2.7012089e-01   0.0000000e+00  -2.5063835e-02
   2.0134611e-01   0.0000000e+00  -1.5908521e-02
   2.0912687e-01   0.0000000e+00   2.3915857e-02
   2.9075940e-01   0.0000000e+00   1.7696103e-02
   2.5594189e-01   0.0000000e+00  -2.8600392e-02
   1.9779969e-01   0.0000000e+00  -1.0844485e-02
   2.1437472e-01   0.0000000e+00   2.7581891e-02
   2.9947841e-01   5.4210109e-20   1.2283847e-02
   2.4423414e-01  -2.7105054e-20  -2.9621207e-02
   1.9744271e-01   5.4210109e-20  -5.2517520e-03
   2.2381895e-01   0.0000000e+00   2.9295719e-02
   3.0511255e-01   0.0000000e+00   2.1644411e-03
   2.2859361e-01   0.0000000e+00  -2.9504790e-02
   1.9771597e-01   0.0000000e+00   2.8512468e-03
   2.3974749e-01  -1.3552527e-20   2.9632653e-02
   3.0154321e-01  -5.4210109e-20  -9.8780035e-03
   2.1653666e-01   0.0000000e+00  -2.8208629e-02
   1.9750749e-01   0.0000000e+00   9.4007012e-03
   2.5267975e-01   0.0000000e+00   2.9037097e-02
   2.9368834e-01   0.0000000e+00  -1.6269995e-02
   2.1056895e-01  -1.0842022e-19  -2.5209491e-02
   2.0000433e-01   0.0000000e+00   1.4347493e-02
   2.6559583e-01   0.0000000e+00   2.6353395e-02
   2.8003131e-01   0.0000000e+00  -2.1691731e-02
   2.0494408e-01   0.0000000e+00  -1.9346836e-02
   2.0617708e-01  -5.4210109e-20   2.0605611e-02
   2.8326071e-01  -1.0842022e-19   2.0522134e-02
   2.6265575e-01   0.0000000e+00  -2.7105190e-02
   1.9924688e-01   0.0000000e+00  -1.3307145e-02
   2.1161816e-01   0.0000000e+00   2.5985795e-02
   2.9551961e-01   0.0000000e+00   1.5199091e-02
   2.5029253e-01   0.0000000e+00  -2.9256845e-02
   1.9743330e-01   0.0000000e+00  -8.2597581e-03
   2.1843405e-01   5.4210109e-20   2.8589770e-02
   3.0291530e-01   0.0000000e+00   7.7721355e-03
   2.3625176e-01  -1.0842022e-19  -2.9591469e-02
   1.9788042e-01   0.0000000e+00  -9.9634709e-04
   2.3234313e-01   0.0000000e+00   2.9555058e-02
   3.0424969e-01   0.0000000e+00  -5.1006412e-03
   2.2092157e-01  -1.0842022e-19  -2.8991706e-02
   1.9738220e-01   1.0842022e-19   6.8197905e-03
   2.4732167e-01   0.0000000e+00   2.9485054e-02
   2.9763246e-01   0.0000000e+00  -1.3807744e-02
   2.1295565e-01   0.0000000e+00  -2.6875971e-02
   1.9838995e-01   0.0000000e+00   1.2028558e-02
   2.5905866e-01   0.0000000e+00   2.7967241e-02
   2.8736114e-01   0.0000000e+00  -1.9032425e-02
   2.0773662e-01  -1.0842022e-19  -2.2366970e-02
   2.0305419e-01   0.0000000e+00   1.7567287e-02
   2.7502682e-01   0.0000000e+00   2.3464218e-02
   2.7035113e-01  -5.4210109e-20  -2.4992953e-02
   2.0142114e-01   0.0000000e+00  -1.5986364e-02
   2.0905989e-01  -5.4210109e-20   2.3846614e-02
   2.9060736e-01   0.0000000e+00   1.7761017e-02
   2.5609153e-01   1.0842022e-19  -2.8574420e-02
   1.9782185e-01   0.0000000e+00  -1.0905287e-02
   2.1429351e-01   0.0000000e+00   2.7550031e-02
   2.9938611e-01   1.0842022e-19   1.2372365e-02
   2.4440882e-01  -1.0842022e-19  -2.9617173e-02
   1.9743481e-01   0.0000000e+00  -5.3433000e-03
   2.2364348e-01   0.0000000e+00   2.9282372e-02
   3.0508144e-01   0.0000000e+00   2.3364408e-03
   2.2880032e-01  -1.0842022e-19  -2.9509268e-02
   1.9772692e-01   0.0000000e+00   2.7492512e-03
   2.3955726e-01   0.0000000e+00   2.9630898e-02
   3.0162204e-01   0.0000000e+00  -9.7692673e-03
   2.1663440e-01   0.0000000e+00  -2.8230584e-02
   1.9750165e-01   2.7105054e-20   9.3405212e-03
   2.5255123e-01   0.0000000e+00   2.9050355e-02
   2.9379136e-01   0.0000000e+00  -1.6213293e-02
   2.1062497e-01   0.0000000e+00  -2.5253605e-02
   1.9996080e-01   0.0000000e+00   1.4290396e-02
   2.6543333e-01   0.0000000e+00   2.6396334e-02
   2.8020693e-01  -1.0842022e-19  -2.1628388e-02
   2.0501110e-01  -5.4210109e-20  -1.9412440e-02
   2.0611576e-01   5.4210109e-20   2.0540059e-02
   2.8309987e-01   0.0000000e+00   2.0580522e-02
   2.6280046e-01   0.0000000e+00  -2.7069367e-02
   1.9928241e-01   1.0842022e-19  -1.3358337e-02
   2.1156539e-01   0.0000000e+00   2.5948806e-02
   2.9543212e-01   1.0842022e-19   1.5253216e-02
   2.5041122e-01   5.4210109e-20  -2.9246906e-02
   1.9743593e-01  -1.3552527e-20  -8.3171117e-03
   2.1833697e-01   0.0000000e+00   2.8572090e-02
   3.0285301e-01   0.0000000e+00   7.8791454e-03
   2.3641996e-01   0.0000000e+00  -2.9593580e-02
   1.9787519e-01   1.3552527e-20  -1.0843925e-03
   2.3216597e-01   1.0842022e-19   2.9553706e-02
   3.0430250e-01   0.0000000e+00  -4.9708186e-03
   2.2104526e-01   0.0000000e+00  -2.9008766e-02
   1.9738144e-01   0.0000000e+00   6.7498216e-03
   2.4717946e-01   0.0000000e+00   2.9494278e-02
   2.9772719e-01  -1.0842022e-19  -1.3739257e-02
   2.1302052e-01  -1.0842022e-19  -2.6915083e-02
   1.9835353e-01  -1.0842022e-19   1.1969077e-02
   2.5889434e-01   0.0000000e+00   2.8004430e-02
   2.8754851e-01   0.0000000e+00  -1.8962814e-02
   2.0780960e-01  -1.0842022e-19  -2.2451246e-02
   2.0296092e-01   0.0000000e+00   1.7480289e-02
   2.7477245e-01   0.0000000e+00   2.3551210e-02
   2.7059889e-01  -5.4210109e-20  -2.4916216e-02
   2.0150247e-01   2.7105054e-20  -1.6070045e-02
   2.0898822e-01   0.0000000e+00   2.3771760e-02
   2.9044356e-01   1.0842022e-19   1.7830394e-02
   2.5625207e-01  -1.3552527e-20  -2.8546081e-02
   1.9784628e-01   0.0000000e+00  -1.0969845e-02
   2.1420849e-01   1.0842022e-19   2.7515664e-02
   2.9928814e-01   0.0000000e+00   1.2465122e-02
   2.4459235e-01   0.0000000e+00  -2.9612545e-02
   1.9742709e-01   1.0842022e-19  -5.4393283e-03
   2.2345936e-01   0.0000000e+00   2.9267929e-02
   3.0504636e-01   0.0000000e+00   2.5170944e-03
   2.2901841e-01   1.0842022e-19  -2.9513809e-02
   1.9773850e-01  -5.4210109e-20   2.6413147e-03
   2.3935542e-01   1.0842022e-19   2.9628998e-02
   3.0170541e-01  -1.0842022e-19  -9.6533528e-03
   2.1673786e-01   0.0000000e+00  -2.8253802e-02
   1.9749569e-01   0.0000000e+00   9.2765141e-03
   2.5241539e-01  -2.7105054e-20   2.9064257e-02
   2.9390100e-01   0.0000000e+00  -1.6152968e-02
   2.1068452e-01  -1.0842022e-19  -2.5300243e-02
   1.9991456e-01   0.0000000e+00   1.4229839e-02
   2.6526110e-01  -1.0842022e-19   2.6441741e-02
   2.8039317e-01  -2.7105054e-20  -2.1561042e-02
   2.0508235e-01   0.0000000e+00  -1.9482600e-02
   2.0604972e-01  -1.0842022e-19   2.0469987e-02
   2.8292594e-01   5.4210109e-20   2.0643402e-02
   2.6295551e-01   5.4210109e-20  -2.7030754e-02
   1.9932085e-01   0.0000000e+00  -1.3413599e-02
   2.1150849e-01   0.0000000e+00   2.5908798e-02
   2.9533726e-01   0.0000000e+00   1.5311718e-02
   2.5054025e-01   0.0000000e+00  -2.9236128e-02
   1.9743876e-01   6.7762636e-21  -8.3793118e-03
   2.1823133e-01   1.0842022e-19   2.8552886e-02
   3.0278505e-01   0.0000000e+00   7.9953551e-03
   2.3660396e-01   0.0000000e+00  -2.9595954e-02
   1.9786888e-01   0.0000000e+00  -1.1808389e-03
   2.3197192e-01   5.4210109e-20   2.9552203e-02
   3.0435950e-01   1.0842022e-19  -4.8273891e-03
   2.2118269e-01   0.0000000e+00  -2.9027279e-02
   1.9738089e-01   0.0000000e+00   6.6725189e-03
   2.4702267e-01   1.0842022e-19   2.9504238e-02
   2.9783158e-01   0.0000000e+00  -1.3663530e-02
   2.1309222e-01   0.0000000e+00  -2.6957696e-02
   1.9831411e-01   0.0000000e+00   1.1903788e-02
   2.5871386e-01   0.0000000e+00   2.8044876e-02
   2.8775312e-01   0.0000000e+00  -1.8886477e-02
   2.0788936e-01   0.0000000e+00  -2.2543700e-02
   2.0285835e-01   0.0000000e+00   1.7384623e-02
   2.7449194e-01   1.0842022e-19   2.3646755e-02
   2.7087312e-01   0.0000000e+00  -2.4830705e-02
   2.0159321e-01   0.0000000e+00  -1.6162568e-02
   2.0890941e-01   0.0000000e+00   2.3688480e-02
   2.9026154e-01   0.0000000e+00   1.7906630e-02
   2.5642810e-01   0.0000000e+00  -2.8514261e-02
   1.9787412e-01   0.0000000e+00  -1.1040268e-02
   2.1411709e-01   5.4210109e-20   2.7477520e-02
   2.9918032e-01   1.3552527e-20   1.2564816e-02
   2.4479067e-01   0.0000000e+00  -2.9607070e-02
   1.9741938e-01   1.0842022e-19  -5.5425745e-03
   2.2326270e-01   0.0000000e+00   2.9251749e-02
   3.0500593e-01   1.3552527e-20   2.7115058e-03
   2.2925547e-01  -5.4210109e-20  -2.9518430e-02
   1.9775108e-01   1.0842022e-19   2.5242175e-03
   2.3913638e-01   0.0000000e+00   2.9626856e-02
   3.0179542e-01   1.0842022e-19  -9.5266269e-03
   2.1685121e-01   0.0000000e+00  -2.8278845e-02
   1.9748932e-01   0.0000000e+00   9.2067274e-03
   2.5226724e-01  -1.0842022e-19   2.9079207e-02
   2.9401822e-01   0.0000000e+00  -1.6087257e-02
   2.1074947e-01  -1.0842022e-19  -2.5350689e-02
   1.9986466e-01   0.0000000e+00   1.4164070e-02
   2.6507450e-01  -1.0842022e-19   2.6490835e-02
   2.8059592e-01   0.0000000e+00  -2.1487725e-02
   2.0515986e-01   0.0000000e+00  -1.9559414e-02
   2.0597700e-01   0.0000000e+00   2.0393294e-02
   2.8273497e-01   0.0000000e+00   2.0712669e-02
   2.6312723e-01   0.0000000e+00  -2.6988024e-02
   1.9936354e-01   0.0000000e+00  -1.3474662e-02
   2.1144570e-01   0.0000000e+00   2.5864491e-02
   2.9523143e-01   5.4210109e-20   1.5376349e-02
   2.5068226e-01  -1.0842022e-19  -2.9224191e-02
   1.9744168e-01  -6.7762636e-21  -8.4481919e-03
   2.1811422e-01   0.0000000e+00   2.8531502e-02
   3.0270814e-01   0.0000000e+00   8.1241314e-03
   2.3680936e-01   0.0000000e+00  -2.9598660e-02
   1.9786146e-01  -1.0842022e-19  -1.2886793e-03
   2.3175492e-01   0.0000000e+00   2.9550457e-02
   3.0442177e-01   0.0000000e+00  -4.6655568e-03
   2.2133867e-01   0.0000000e+00  -2.9047701e-02
   1.9738072e-01   0.0000000e+00   6.5853527e-03
   2.4684594e-01   0.0000000e+00   2.9515108e-02
   2.9794766e-01   6.7762636e-21  -1.3578137e-02
   2.1317303e-01   0.0000000e+00  -2.7004864e-02
   1.9827078e-01   0.0000000e+00   1.1830873e-02
   2.5851363e-01   0.0000000e+00   2.8089436e-02
   2.8798043e-01  -5.4210109e-20  -1.8801370e-02
   2.0797792e-01   0.0000000e+00  -2.2646638e-02
   2.0274411e-01   0.0000000e+00   1.7277747e-02
   2.7417749e-01   1.0842022e-19   2.3753234e-02
   2.7118142e-01  -5.4210109e-20  -2.4733826e-02
   2.0169621e-01  -5.4210109e-20  -1.6266487e-02
   2.0882148e-01   0.0000000e+00   2.3594275e-02
   2.9005520e-01   0.0000000e+00   1.7991730e-02
   2.5662540e-01   0.0000000e+00  -2.8477860e-02
   1.9790638e-01   1.3552527e-20  -1.1118210e-02
   2.1401761e-01  -2.7105054e-20   2.7434521e-02
   2.9906028e-01   0.0000000e+00   1.2673265e-02
   2.4500747e-01  -1.0842022e-19  -2.9600455e-02
   1.9741183e-01   0.0000000e+00  -5.6548608e-03
   2.2305039e-01   0.0000000e+00   2.9233353e-02
   3.0495774e-01   0.0000000e+00   2.9230320e-03
   2.2951601e-01   0.0000000e+00  -2.9523128e-02
   1.9776474e-01   0.0000000e+00   2.3956996e-03
   2.3889592e-01   0.0000000e+00   2.9624391e-02
   3.0189350e-01   0.0000000e+00  -9.3863694e-03
   2.1697712e-01   0.0000000e+00  -2.8306090e-02
   1.9748268e-01  -2.7105054e-20   9.1297426e-03
   2.5210424e-01   0.0000000e+00   2.9095394e-02
   2.9414702e-01   0.0000000e+00  -1.6014793e-02
   2.1082097e-01   0.0000000e+00  -2.5405777e-02
   1.9981025e-01   1.0842022e-19   1.4091920e-02
   2.6486957e-01   0.0000000e+00   2.6544432e-02
   2.8081895e-01   0.0000000e+00  -2.1407104e-02
   2.0524514e-01   0.0000000e+00  -1.9644333e-02
   2.0589615e-01  -1.0842022e-19   2.0308498e-02
   2.8252285e-01   0.0000000e+00   2.0789725e-02
   2.6331898e-01  -6.7762636e-21  -2.6940245e-02
   1.9941120e-01  -1.0842022e-19  -1.3542769e-02
   2.1137579e-01  -5.4210109e-20   2.5814907e-02
   2.9511360e-01   0.0000000e+00   1.5448260e-02
   2.5084117e-01   0.0000000e+00  -2.9210751e-02
   1.9744508e-01   0.0000000e+00  -8.5250088e-03
   2.1798430e-01   0.0000000e+00   2.8507390e-02
   3.0262105e-01  -1.3552527e-20   8.2677166e-03
   2.3703962e-01   0.0000000e+00  -2.9601747e-02
   1.9785296e-01   0.0000000e+00  -1.4100772e-03
   2.3150992e-01  -1.0842022e-19   2.9548414e-02
   3.0448986e-01  -1.0842022e-19  -4.4815982e-03
   2.2151600e-01   0.0000000e+00  -2.9070340e-02
   1.9738065e-01   0.0000000e+00   6.4864171e-03
   2.4664653e-01  -2.7105054e-20   2.9526896e-02
   2.9807632e-01   0.0000000e+00  -1.3481265e-02
   2.1326455e-01   0.0000000e+00  -2.7057108e-02
   1.9822324e-01  -5.4210109e-20   1.1749200e-02
   2.5829071e-01   1.6940659e-21   2.8138480e-02
   2.8823276e-01   1.0842022e-19  -1.8706332e-02
   2.0807722e-01   0.0000000e+00  -2.2761195e-02
   2.0261705e-01   0.0000000e+00   1.7158205e-02
   2.7382512e-01   5.4210109e-20   2.3871889e-02
   2.7152861e-01  -2.7105054e-20  -2.4623814e-02
   2.0181337e-01   0.0000000e+00  -1.6383372e-02
   2.0872293e-01  -1.3552527e-20   2.3487529e-02
   2.8982184e-01  -2.7105054e-20   1.8086811e-02
   2.5684560e-01   2.7105054e-20  -2.8436133e-02
   1.9794384e-01  -2.7105054e-20  -1.1204468e-02
   2.1390931e-01   6.7762636e-21   2.7385958e-02
   2.9892707e-01   0.0000000e+00   1.2790947e-02
   2.4524300e-01   0.0000000e+00  -2.9592506e-02
   1.9740360e-01   0.0000000e+00  -5.7766549e-03
   2.2282060e-01   0.0000000e+00   2.9212552e-02
   3.0490104e-01   0.0000000e+00   3.1523477e-03
   2.2980028e-01   0.0000000e+00  -2.9527927e-02
   1.9777828e-01   0.0000000e+00   2.2550508e-03
   2.3863250e-01   0.0000000e+00   2.9621550e-02
   3.0199983e-01   1.0842022e-19  -9.2314433e-03
   2.1711654e-01   8.4703295e-22  -2.8335621e-02
   1.9747584e-01   0.0000000e+00   9.0450346e-03
   2.5192590e-01   0.0000000e+00   2.9112799e-02
   2.9428764e-01   0.0000000e+00  -1.5935139e-02
   2.1089942e-01   0.0000000e+00  -2.5465623e-02
   1.9975130e-01   1.0842022e-19   1.4013081e-02
   2.6464564e-01   5.4210109e-20   2.6602605e-02
   2.8106310e-01   0.0000000e+00  -2.1318855e-02
   2.0533852e-01   0.0000000e+00  -1.9737782e-02
   2.0580673e-01   0.0000000e+00   2.0215136e-02
   2.8228794e-01   0.0000000e+00   2.0875073e-02
   2.6353115e-01   0.0000000e+00  -2.6886987e-02
   1.9946457e-01   0.0000000e+00  -1.3618353e-02
   2.1129839e-01   5.4210109e-20   2.5759627e-02
   2.9498269e-01   1.0842022e-19   1.5527759e-02
   2.5101753e-01  -1.0842022e-19  -2.9195644e-02
   1.9744896e-01   0.0000000e+00  -8.6100435e-03
   2.1784114e-01  -6.7762636e-21   2.8480343e-02
   3.0252344e-01   1.3552527e-20   8.4264697e-03
   2.3729619e-01   0.0000000e+00  -2.9605181e-02
   1.9784226e-01   0.0000000e+00  -1.5456948e-03
   2.3123567e-01   0.0000000e+00   2.9545936e-02
   3.0456360e-01  -5.4210109e-20  -4.2739443e-03
   2.2171699e-01   1.0842022e-19  -2.9095073e-02
   1.9738140e-01   0.0000000e+00   6.3749407e-03
   2.4642276e-01  -1.0842022e-19   2.9539448e-02
   2.9821874e-01   0.0000000e+00  -1.3372257e-02
   2.1336723e-01   0.0000000e+00  -2.7114172e-02
   1.9817209e-01   5.4210109e-20   1.1658744e-02
   2.5804479e-01   2.7105054e-20   2.8191655e-02
   2.8850868e-01   0.0000000e+00  -1.8601561e-02
   2.0818706e-01   0.0000000e+00  -2.2886815e-02
   2.0247794e-01   1.0842022e-19   1.7026324e-02
   2.7343593e-01   0.0000000e+00   2.4002108e-02
   2.7191377e-01  -1.0842022e-19  -2.4500519e-02
   2.0194522e-01  -1.0842022e-19  -1.6513073e-02
