   2.3974146e-01   0.0000000e+00   2.9632312e-02
   3.0154520e-01  -1.0842022e-19  -9.8747879e-03
   2.1653947e-01   1.0842022e-19  -2.8208710e-02
   1.9750816e-01   0.0000000e+00   9.3994861e-03
   2.5267786e-01   0.0000000e+00   2.9036795e-02
   2.9368827e-01   0.0000000e+00  -1.6269408e-02
   2.1056921e-01   0.0000000e+00  -2.5208951e-02
   2.0000497e-01   0.0000000e+00   1.4347792e-02
   2.6559737e-01   0.0000000e+00   2.6352526e-02
   2.8002855e-01   0.0000000e+00  -2.1692435e-02
   2.0494335e-01   0.0000000e+00  -1.9345397e-02
   2.0617919e-01   0.0000000e+00   2.0606730e-02
   2.8326450e-01   0.0000000e+00   2.0520387e-02
   2.6265175e-01  -1.3552527e-20  -2.7105808e-02
   1.9924579e-01  -5.4210109e-20  -1.3305223e-02
   2.1162082e-01  -5.4210109e-20   2.5986850e-02
   2.9552376e-01  -1.0842022e-19   1.5195979e-02
   2.5028552e-01   0.0000000e+00  -2.9256917e-02
   1.9743357e-01  -1.0842022e-19  -8.2558387e-03
   2.1844185e-01   1.0842022e-19   2.8590555e-02
   3.0292036e-01   0.0000000e+00   7.7637022e-03
   2.3623856e-01   0.0000000e+00  -2.9590953e-02
   1.9788085e-01   0.0000000e+00  -9.8904744e-04
   2.3235799e-01   0.0000000e+00   2.9554874e-02
   3.0424536e-01   0.0000000e+00  -5.1118944e-03
   2.2091039e-01   5.4210109e-20  -2.8989801e-02
   1.9738270e-01   0.0000000e+00   6.8263448e-03
   2.4733628e-01   0.0000000e+00   2.9483678e-02
   2.9762167e-01   1.0842022e-19  -1.3814680e-02
   2.1294884e-01   5.4210109e-20  -2.6871099e-02
   1.9839544e-01   0.0000000e+00   1.2035409e-02
   2.5907885e-01   0.0000000e+00   2.7962272e-02
   2.8733646e-01  -5.4210109e-20  -1.9041012e-02
   2.0772766e-01   0.0000000e+00  -2.2355857e-02
   2.0306620e-01  -5.4210109e-20   1.7578554e-02
   2.7505992e-01   0.0000000e+00   2.3452512e-02
   2.7031842e-01  -1.0842022e-19  -2.5002880e-02
   2.0141043e-01   0.0000000e+00  -1.5974949e-02
   2.0907051e-01   1.0842022e-19   2.3856526e-02
   2.9063025e-01   0.0000000e+00   1.7750978e-02
   2.5606844e-01   0.0000000e+00  -2.8578088e-02
   1.9781883e-01   0.0000000e+00  -1.0895447e-02
   2.1430741e-01  -2.7105054e-20   2.7554892e-02
   2.9940132e-01   0.0000000e+00   1.2357169e-02
   2.4437849e-01  -5.4210109e-20  -2.9617575e-02
   1.9743714e-01   0.0000000e+00  -5.3271538e-03
   2.2367450e-01   0.0000000e+00   2.9284535e-02
   3.0508719e-01   0.0000000e+00   2.3055108e-03
   2.2876258e-01   0.0000000e+00  -2.9508241e-02
   1.9772510e-01   0.0000000e+00   2.7679399e-03
   2.3959239e-01   0.0000000e+00   2.9630948e-02
   3.0160715e-01   0.0000000e+00  -9.7896202e-03
   2.1661552e-01   0.0000000e+00  -2.8225994e-02
   1.9750342e-01   1.0842022e-19   9.3523253e-03
   2.5257768e-01   0.0000000e+00   2.9047191e-02
   2.9376909e-01  -2.7105054e-20  -1.6224952e-02
   2.1061350e-01   0.0000000e+00  -2.5243577e-02
   1.9997060e-01  -1.0842022e-19   1.4302981e-02
   2.6547013e-01   0.0000000e+00   2.6386259e-02
   2.8016576e-01   0.0000000e+00  -2.1642727e-02
   2.0499597e-01   0.0000000e+00  -1.9396889e-02
   2.0613107e-01   0.0000000e+00   2.0555284e-02
   2.8313764e-01   1.0842022e-19   2.0566235e-02
   2.6276459e-01  -1.0842022e-19  -2.7077751e-02
   1.9927387e-01  -5.4210109e-20  -1.3345373e-02
   2.1157980e-01   2.7105054e-20   2.5957801e-02
   2.9545441e-01   0.0000000e+00   1.5238514e-02
   2.5037908e-01   0.0000000e+00  -2.9249121e-02
   1.9743557e-01   5.4210109e-20  -8.3009196e-03
   2.1836503e-01   0.0000000e+00   2.8576755e-02
   3.0287046e-01   0.0000000e+00   7.8478480e-03
   2.3637100e-01   1.0842022e-19  -2.9592607e-02
   1.9787687e-01  -5.4210109e-20  -1.0581925e-03
   2.3221942e-01   0.0000000e+00   2.9553804e-02
   3.0428609e-01   5.4210109e-20  -5.0100745e-03
   2.2100793e-01   0.0000000e+00  -2.9003194e-02
   1.9738208e-01   0.0000000e+00   6.7714305e-03
   2.4722421e-01   1.0842022e-19   2.9491001e-02
   2.9769666e-01   0.0000000e+00  -1.3760902e-02
   2.1300014e-01   0.0000000e+00  -2.6901910e-02
   1.9836674e-01   2.1684043e-19   1.1988574e-02
   2.5894913e-01   0.0000000e+00   2.7991662e-02
   2.8748463e-01   1.0842022e-19  -1.8986156e-02
   2.0778490e-01   0.0000000e+00  -2.2422322e-02
   2.0299276e-01   0.0000000e+00   1.7510029e-02
   2.7485966e-01   0.0000000e+00   2.3521079e-02
   2.7051328e-01   0.0000000e+00  -2.4942627e-02
   2.0147434e-01   0.0000000e+00  -1.6040817e-02
   2.0901400e-01   0.0000000e+00   2.3797704e-02
   2.9050075e-01   0.0000000e+00   1.7805724e-02
   2.5619473e-01   0.0000000e+00  -2.8555883e-02
   1.9783780e-01   0.0000000e+00  -1.0946518e-02
   2.1424035e-01   0.0000000e+00   2.7527785e-02
   2.9932326e-01   0.0000000e+00   1.2430865e-02
   2.4452465e-01   0.0000000e+00  -2.9613985e-02
   1.9743090e-01   0.0000000e+00  -5.4034352e-03
   2.2352870e-01  -2.7105054e-20   2.9273137e-02
   3.0506016e-01  -1.0842022e-19   2.4490087e-03
   2.2893615e-01  -1.3552527e-20  -2.9511873e-02
   1.9773453e-01   0.0000000e+00   2.6823604e-03
   2.3943285e-01   0.0000000e+00   2.9629455e-02
   3.0167271e-01  -5.4210109e-20  -9.6978956e-03
   2.1669782e-01  -2.7105054e-20  -2.8244429e-02
   1.9749848e-01   0.0000000e+00   9.3016058e-03
   2.5246950e-01   0.0000000e+00   2.9058308e-02
   2.9385560e-01   0.0000000e+00  -1.6177125e-02
   2.1066108e-01   0.0000000e+00  -2.5280662e-02
   1.9993384e-01   0.0000000e+00   1.4254857e-02
   2.6533321e-01   0.0000000e+00   2.6422417e-02
   2.8031418e-01   0.0000000e+00  -2.1589212e-02
   2.0505257e-01   0.0000000e+00  -1.9452566e-02
   2.0607875e-01  -1.0842022e-19   2.0499680e-02
   2.8300074e-01  -1.0842022e-19   2.0616034e-02
   2.6288825e-01  -6.7762636e-21  -2.7047175e-02
   1.9930460e-01   0.0000000e+00  -1.3389144e-02
   2.1153504e-01   0.0000000e+00   2.5926114e-02
   2.9537943e-01   0.0000000e+00   1.5284941e-02
   2.5048075e-01   0.0000000e+00  -2.9240646e-02
   1.9743768e-01   5.4210109e-20  -8.3502707e-03
   2.1828121e-01   0.0000000e+00   2.8561565e-02
   3.0281633e-01  -1.0842022e-19   7.9400980e-03
   2.3651628e-01   1.0842022e-19  -2.9594515e-02
   1.9787221e-01   1.0842022e-19  -1.1345267e-03
   2.3206604e-01   0.0000000e+00   2.9552647e-02
   3.0433130e-01   0.0000000e+00  -4.8968838e-03
   2.2111623e-01   0.0000000e+00  -2.9017948e-02
   1.9738150e-01   0.0000000e+00   6.7103790e-03
   2.4709997e-01   0.0000000e+00   2.9498995e-02
   2.9777879e-01  -1.0842022e-19  -1.3701075e-02
   2.1305700e-01   0.0000000e+00  -2.6935854e-02
   1.9833499e-01   0.0000000e+00   1.1936760e-02
   2.5880614e-01   0.0000000e+00   2.8023949e-02
   2.8764806e-01   0.0000000e+00  -1.8925474e-02
   2.0784820e-01   0.0000000e+00  -2.2495879e-02
   2.0291137e-01   5.4210109e-20   1.7434023e-02
   2.7463711e-01   0.0000000e+00   2.3597067e-02
   2.7073042e-01   0.0000000e+00  -2.4875085e-02
   2.0154605e-01   1.0842022e-19  -1.6114193e-02
   2.0895136e-01   0.0000000e+00   2.3731842e-02
   2.9035672e-01   0.0000000e+00   1.7866407e-02
   2.5633512e-01  -2.7105054e-20  -2.8530827e-02
   1.9785946e-01  -5.4210109e-20  -1.1002806e-02
   2.1416643e-01   0.0000000e+00   2.7497612e-02
   2.9923767e-01  -1.0842022e-19   1.2511158e-02
   2.4468377e-01   0.0000000e+00  -2.9609802e-02
   1.9742434e-01   0.0000000e+00  -5.4866148e-03
   2.2336983e-01   0.0000000e+00   2.9260359e-02
   3.0502836e-01  -3.3881318e-21   2.6056126e-03
   2.2912613e-01   0.0000000e+00  -2.9515709e-02
   1.9774495e-01   0.0000000e+00   2.5883604e-03
   2.3925718e-01   0.0000000e+00   2.9627775e-02
   3.0174509e-01   0.0000000e+00  -9.5965090e-03
   2.1678903e-01  -1.0842022e-19  -2.8264576e-02
   1.9749323e-01   0.0000000e+00   9.2456577e-03
   2.5235057e-01   0.0000000e+00   2.9070422e-02
   2.9395129e-01  -3.3881318e-21  -1.6124359e-02
   2.1071319e-01   1.0842022e-19  -2.5321389e-02
   1.9989354e-01   5.4210109e-20   1.4201909e-02
   2.6518256e-01   1.0842022e-19   2.6462089e-02
   2.8047766e-01   0.0000000e+00  -2.1530220e-02
   2.0511508e-01   1.0842022e-19  -1.9514230e-02
   2.0602052e-01   0.0000000e+00   2.0438110e-02
   2.8284751e-01   0.0000000e+00   2.0671522e-02
   2.6302512e-01  -5.4210109e-20  -2.7013081e-02
   1.9933882e-01   1.3552527e-20  -1.3437994e-02
   2.1148439e-01   1.0842022e-19   2.5890755e-02
   2.9529528e-01   0.0000000e+00   1.5336768e-02
   2.5059500e-01   2.7105054e-20  -2.9231132e-02
   1.9744005e-01   0.0000000e+00  -8.4055022e-03
   2.1818783e-01   0.0000000e+00   2.8544444e-02
   3.0275581e-01   0.0000000e+00   8.0434220e-03
   2.3668016e-01   0.0000000e+00  -2.9596699e-02
   1.9786663e-01   0.0000000e+00  -1.2206602e-03
   2.3189221e-01   0.0000000e+00   2.9551333e-02
   3.0438188e-01   0.0000000e+00  -4.7682208e-03
   2.2123941e-01   0.0000000e+00  -2.9034478e-02
   1.9738093e-01   0.0000000e+00   6.6410097e-03
   2.4695959e-01   0.0000000e+00   2.9507843e-02
   2.9787218e-01   0.0000000e+00  -1.3633049e-02
   2.1312122e-01   0.0000000e+00  -2.6973950e-02
   1.9829970e-01   0.0000000e+00   1.1878279e-02
   2.5864451e-01   0.0000000e+00   2.8060046e-02
   2.8783100e-01   5.4210109e-20  -1.8857086e-02
   2.0791964e-01   0.0000000e+00  -2.2578728e-02
   2.0281961e-01   1.0842022e-19   1.7348171e-02
   2.7438521e-01   0.0000000e+00   2.3682748e-02
   2.7097709e-01   0.0000000e+00  -2.4797914e-02
   2.0162811e-01   0.0000000e+00  -1.6197446e-02
   2.0888060e-01   0.0000000e+00   2.3656707e-02
   2.9019261e-01  -6.7762636e-21   1.7934877e-02
   2.5649338e-01  -1.0842022e-19  -2.8501999e-02
   1.9788476e-01   5.4210109e-20  -1.1065892e-02
   2.1408474e-01   1.0842022e-19   2.7463253e-02
   2.9914120e-01   0.0000000e+00   1.2599930e-02
   2.4486045e-01   0.0000000e+00  -2.9604751e-02
   1.9741720e-01   0.0000000e+00  -5.5786105e-03
   2.2319469e-01   0.0000000e+00   2.9245753e-02
   3.0499089e-01  -1.0842022e-19   2.7788937e-03
   2.2933789e-01   0.0000000e+00  -2.9519771e-02
   1.9775591e-01   0.0000000e+00   2.4836233e-03
   2.3906090e-01   0.0000000e+00   2.9625865e-02
   3.0182565e-01   0.0000000e+00  -9.4827617e-03
   2.1689054e-01   0.0000000e+00  -2.8286991e-02
   1.9748763e-01   0.0000000e+00   9.1830489e-03
   2.5221812e-01  -1.0842022e-19   2.9083782e-02
   2.9405625e-01   0.0000000e+00  -1.6065371e-02
   2.1077127e-01   0.0000000e+00  -2.5366608e-02
   1.9984895e-01   0.0000000e+00   1.4142901e-02
   2.6501515e-01   0.0000000e+00   2.6506098e-02
   2.8065968e-01   5.4210109e-20  -2.1464375e-02
   2.0518477e-01   0.0000000e+00  -1.9583408e-02
   2.0595497e-01   0.0000000e+00   2.0369050e-02
   2.8267516e-01   1.0842022e-19   2.0734088e-02
   2.6318055e-01   0.0000000e+00  -2.6974459e-02
   1.9937761e-01   0.0000000e+00  -1.3493224e-02
   2.1142741e-01   0.0000000e+00   2.5850677e-02
   2.9519943e-01   0.0000000e+00   1.5395287e-02
   2.5072414e-01   0.0000000e+00  -2.9220308e-02
   1.9744270e-01   5.4210109e-20  -8.4679758e-03
   2.1808157e-01   0.0000000e+00   2.8525030e-02
   3.0268574e-01  -1.3552527e-20   8.1603176e-03
   2.3686693e-01  -5.4210109e-20  -2.9599213e-02
   1.9786013e-01   0.0000000e+00  -1.3188777e-03
   2.3169428e-01   0.0000000e+00   2.9549762e-02
   3.0443837e-01  -1.0842022e-19  -4.6203348e-03
   2.2138185e-01   0.0000000e+00  -2.9053052e-02
   1.9738065e-01   0.0000000e+00   6.5613490e-03
   2.4679809e-01   0.0000000e+00   2.9517704e-02
   2.9797775e-01   0.0000000e+00  -1.3554964e-02
   2.1319489e-01   0.0000000e+00  -2.7016887e-02
   1.9826024e-01   0.0000000e+00   1.1811775e-02
   2.5846216e-01   1.0842022e-19   2.8100551e-02
   2.8803803e-01   0.0000000e+00  -1.8779484e-02
   2.0800077e-01   0.0000000e+00  -2.2672544e-02
   2.0271564e-01   0.0000000e+00   1.7250592e-02
   2.7409802e-01   0.0000000e+00   2.3779890e-02
   2.7125914e-01   0.0000000e+00  -2.4709094e-02
   2.0172271e-01   0.0000000e+00  -1.6292500e-02
   2.0879974e-01   0.0000000e+00   2.3570425e-02
   2.9000341e-01   0.0000000e+00   1.8012632e-02
   2.5667390e-01   3.3881318e-21  -2.8468526e-02
   1.9791450e-01  -5.4210109e-20  -1.1136946e-02
   2.1399416e-01  -5.4210109e-20   2.7423879e-02
   2.9903139e-01  -2.7105054e-20   1.2698364e-02
   2.4505741e-01   0.0000000e+00  -2.9598609e-02
   1.9740990e-01   0.0000000e+00  -5.6805578e-03
   2.2300196e-01  -2.7105054e-20   2.9228885e-02
   3.0494600e-01   1.0842022e-19   2.9709428e-03
   2.2957490e-01   2.7105054e-20  -2.9523994e-02
   1.9776749e-01  -5.4210109e-20   2.3666393e-03
   2.3884170e-01   0.0000000e+00   2.9623616e-02
   3.0191502e-01   0.0000000e+00  -9.3547480e-03
   2.1700524e-01   0.0000000e+00  -2.8311813e-02
   1.9748161e-01   0.0000000e+00   9.1128114e-03
   2.5206914e-01   0.0000000e+00   2.9098524e-02
   2.9417376e-01   0.0000000e+00  -1.5999234e-02
   2.1083642e-01   0.0000000e+00  -2.5416826e-02
   1.9979943e-01  -2.7105054e-20   1.4077076e-02
   2.6482795e-01   0.0000000e+00   2.6554967e-02
   2.8086344e-01   0.0000000e+00  -2.1390773e-02
   2.0526279e-01   0.0000000e+00  -1.9661065e-02
   2.0588071e-01   0.0000000e+00   2.0291523e-02
   2.8248093e-01   1.0842022e-19   2.0804701e-02
   2.6335599e-01   0.0000000e+00  -2.6930651e-02
   1.9942146e-01   0.0000000e+00  -1.3555701e-02
   2.1136307e-01   1.0842022e-19   2.5805185e-02
   2.9509149e-01   0.0000000e+00   1.5461289e-02
   2.5086978e-01   5.4210109e-20  -2.9207982e-02
   1.9744582e-01   0.0000000e+00  -8.5385505e-03
   2.1796185e-01   1.0842022e-19   2.8502879e-02
   3.0260526e-01   0.0000000e+00   8.2922957e-03
   2.3707931e-01   0.0000000e+00  -2.9602060e-02
   1.9785169e-01   0.0000000e+00  -1.4307281e-03
   2.3146882e-01  -6.7762636e-21   2.9547847e-02
   3.0450091e-01   0.0000000e+00  -4.4504542e-03
   2.2154644e-01   0.0000000e+00  -2.9073818e-02
   1.9738080e-01  -5.4210109e-20   6.4699693e-03
   2.4661377e-01   0.0000000e+00   2.9528525e-02
   2.9809627e-01   0.0000000e+00  -1.3465485e-02
   2.1327924e-01   0.0000000e+00  -2.7064970e-02
   1.9821662e-01   0.0000000e+00   1.1736491e-02
   2.5825651e-01   0.0000000e+00   2.8145648e-02
   2.8827029e-01   1.0842022e-19  -1.8691899e-02
   2.0809269e-01   1.0842022e-19  -2.2778028e-02
   2.0259890e-01   0.0000000e+00   1.7140348e-02
   2.7377289e-01   0.0000000e+00   2.3889233e-02
   2.7157958e-01   0.0000000e+00  -2.4607375e-02
   2.0183135e-01  -1.0842022e-19  -1.6400410e-02
   2.0870847e-01   0.0000000e+00   2.3471777e-02
   2.8978756e-01   0.0000000e+00   1.8100349e-02
   2.5687676e-01   5.4210109e-20  -2.8429872e-02
   1.9794933e-01   5.4210109e-20  -1.1216421e-02
   2.1389457e-01   0.0000000e+00   2.7378994e-02
   2.9890854e-01   5.4210109e-20   1.2806449e-02
   2.4527428e-01   1.0842022e-19  -2.9591170e-02
   1.9740284e-01   0.0000000e+00  -5.7924064e-03
   2.2279173e-01   0.0000000e+00   2.9209587e-02
   3.0489331e-01   0.0000000e+00   3.1815664e-03
   2.2983702e-01   1.0842022e-19  -2.9528319e-02
   1.9778058e-01   1.0842022e-19   2.2372141e-03
   2.3859903e-01   0.0000000e+00   2.9621012e-02
   3.0201305e-01  -1.0842022e-19  -9.2119428e-03
   2.1713360e-01   0.0000000e+00  -2.8338995e-02
   1.9747538e-01   0.0000000e+00   9.0347488e-03
   2.5190479e-01  -1.3552527e-20   2.9114529e-02
   2.9430350e-01   0.0000000e+00  -1.5925809e-02
   2.1090866e-01   0.0000000e+00  -2.5471933e-02
   1.9974515e-01   0.0000000e+00   1.4004444e-02
   2.6462176e-01   0.0000000e+00   2.6608536e-02
   2.8108862e-01   0.0000000e+00  -2.1309423e-02
   2.0534880e-01   0.0000000e+00  -1.9747312e-02
   2.0579741e-01   0.0000000e+00   2.0205438e-02
   2.8226406e-01   0.0000000e+00   2.0883558e-02
   2.6355230e-01   5.4210109e-20  -2.6881410e-02
   1.9947074e-01   0.0000000e+00  -1.3625597e-02
   2.1129139e-01   0.0000000e+00   2.5754059e-02
   2.9496992e-01   0.0000000e+00   1.5534822e-02
   2.5103303e-01   1.3552527e-20  -2.9194001e-02
   1.9744951e-01   0.0000000e+00  -8.6172322e-03
   2.1782918e-01   0.0000000e+00   2.8477857e-02
   3.0251464e-01   0.0000000e+00   8.4392275e-03
   2.3731714e-01   0.0000000e+00  -2.9605253e-02
   1.9784156e-01   0.0000000e+00  -1.5564268e-03
   2.3121453e-01   1.0842022e-19   2.9545553e-02
