   1.9771598e-01   0.0000000e+00   2.8481239e-03
   2.3974181e-01   1.0842022e-19   2.9632455e-02
   3.0154588e-01   0.0000000e+00  -9.8748681e-03
   2.1653990e-01  -1.0842022e-19  -2.8208926e-02
   1.9750815e-01   0.0000000e+00   9.3992289e-03
   2.5267685e-01   0.0000000e+00   2.9037135e-02
   2.9369034e-01  -3.3881318e-21  -1.6268905e-02
   2.1056967e-01   0.0000000e+00  -2.5209844e-02
   2.0000405e-01   0.0000000e+00   1.4346856e-02
   2.6559423e-01   0.0000000e+00   2.6353552e-02
   2.8003214e-01   0.0000000e+00  -2.1691230e-02
   2.0494507e-01   0.0000000e+00  -1.9346949e-02
   2.0617759e-01  -1.3552527e-20   2.0605247e-02
   2.8326028e-01   0.0000000e+00   2.0522045e-02
   2.6265554e-01   0.0000000e+00  -2.7105023e-02
   1.9924653e-01  -1.0842022e-19  -1.3306876e-02
   2.1161861e-01   1.0842022e-19   2.5985850e-02
   2.9552082e-01  -1.3552527e-20   1.5198228e-02
   2.5029048e-01   5.4210109e-20  -2.9256748e-02
   1.9743351e-01   0.0000000e+00  -8.2585348e-03
   2.1843700e-01   0.0000000e+00   2.8589901e-02
   3.0291691e-01   0.0000000e+00   7.7692855e-03
   2.3624719e-01   0.0000000e+00  -2.9591238e-02
   1.9788033e-01   0.0000000e+00  -9.9381441e-04
   2.3234813e-01  -1.0842022e-19   2.9554957e-02
   3.0424806e-01   0.0000000e+00  -5.1046389e-03
   2.2091736e-01   0.0000000e+00  -2.8990982e-02
   1.9738225e-01   0.0000000e+00   6.8222024e-03
   2.4732711e-01   0.0000000e+00   2.9484475e-02
   2.9762878e-01   0.0000000e+00  -1.3810349e-02
   2.1295287e-01   0.0000000e+00  -2.6874040e-02
   1.9839212e-01   0.0000000e+00   1.2031258e-02
   2.5906660e-01  -5.4210109e-20   2.7965219e-02
   2.8735087e-01   0.0000000e+00  -1.9035870e-02
   2.0773282e-01   5.4210109e-20  -2.2362465e-02
   2.0305882e-01  -1.0842022e-19   1.7571886e-02
   2.7504011e-01   0.0000000e+00   2.3459427e-02
   2.7033789e-01   0.0000000e+00  -2.4996984e-02
   2.0141696e-01   0.0000000e+00  -1.5981655e-02
   2.0906449e-01   0.0000000e+00   2.3850647e-02
   2.9061669e-01   0.0000000e+00   1.7756838e-02
   2.5608180e-01  -5.4210109e-20  -2.8575920e-02
   1.9782099e-01   0.0000000e+00  -1.0901122e-02
   2.1429925e-01   0.0000000e+00   2.7552065e-02
   2.9939231e-01   0.0000000e+00   1.2365893e-02
   2.4439572e-01   0.0000000e+00  -2.9617322e-02
   1.9743595e-01   0.0000000e+00  -5.3363809e-03
   2.2365663e-01   0.0000000e+00   2.9283301e-02
   3.0508454e-01   0.0000000e+00   2.3231418e-03
   2.2878385e-01  -1.0842022e-19  -2.9508823e-02
   1.9772632e-01   0.0000000e+00   2.7573090e-03
   2.3957226e-01   0.0000000e+00   2.9630904e-02
   3.0161549e-01   0.0000000e+00  -9.7780812e-03
   2.1662603e-01  -1.0842022e-19  -2.8228576e-02
   1.9750278e-01   1.0842022e-19   9.3456547e-03
   2.5256276e-01   0.0000000e+00   2.9048937e-02
   2.9378136e-01   0.0000000e+00  -1.6218425e-02
   2.1061973e-01  -5.4210109e-20  -2.5249147e-02
   1.9996496e-01  -1.0842022e-19   1.4296005e-02
   2.6545012e-01   0.0000000e+00   2.6391800e-02
   2.8018830e-01   0.0000000e+00  -2.1634796e-02
   2.0500484e-01   0.0000000e+00  -1.9405402e-02
   2.0612299e-01   0.0000000e+00   2.0546845e-02
   2.8311658e-01   0.0000000e+00   2.0574086e-02
   2.6278415e-01  -1.0842022e-19  -2.7073132e-02
   1.9927836e-01   0.0000000e+00  -1.3352482e-02
   2.1157185e-01   0.0000000e+00   2.5952880e-02
   2.9544206e-01   0.0000000e+00   1.5246513e-02
   2.5039667e-01   0.0000000e+00  -2.9247890e-02
   1.9743569e-01  -1.0842022e-19  -8.3096896e-03
   2.1834987e-01   1.0842022e-19   2.8574210e-02
   3.0286088e-01   0.0000000e+00   7.8647386e-03
   2.3639739e-01   0.0000000e+00  -2.9593112e-02
   1.9787594e-01   0.0000000e+00  -1.0723059e-03
   2.3219058e-01   0.0000000e+00   2.9553746e-02
   3.0429484e-01   5.4210109e-20  -4.9889651e-03
   2.2102787e-01   0.0000000e+00  -2.9006183e-02
   1.9738148e-01   0.0000000e+00   6.7598408e-03
   2.4720055e-01   0.0000000e+00   2.9492733e-02
   2.9771290e-01   0.0000000e+00  -1.3749312e-02
   2.1301090e-01   0.0000000e+00  -2.6908955e-02
   1.9835968e-01   2.7105054e-20   1.1978159e-02
   2.5891991e-01  -1.0842022e-19   2.7998464e-02
   2.8751895e-01   1.0842022e-19  -1.8973694e-02
   2.0779780e-01   0.0000000e+00  -2.2437762e-02
   2.0297568e-01   0.0000000e+00   1.7494207e-02
   2.7481317e-01   0.0000000e+00   2.3537124e-02
   2.7055884e-01  -2.7105054e-20  -2.4928577e-02
   2.0148959e-01   0.0000000e+00  -1.6056335e-02
   2.0900042e-01   2.7105054e-20   2.3783894e-02
   2.9047026e-01   0.0000000e+00   1.7818835e-02
   2.5622527e-01   1.0842022e-19  -2.8550672e-02
   1.9784245e-01  -1.0842022e-19  -1.0958894e-02
   2.1422340e-01   2.7105054e-20   2.7521358e-02
   2.9930436e-01   1.0842022e-19   1.2449040e-02
   2.4456049e-01   0.0000000e+00  -2.9613223e-02
   1.9742874e-01   5.4210109e-20  -5.4224641e-03
   2.2349179e-01   0.0000000e+00   2.9270386e-02
   3.0505310e-01   6.7762636e-21   2.4850702e-03
   2.2897957e-01   0.0000000e+00  -2.9512900e-02
   1.9773717e-01   0.0000000e+00   2.6606369e-03
   2.3939182e-01   5.4210109e-20   2.9629207e-02
   3.0168986e-01   0.0000000e+00  -9.6743606e-03
   2.1671879e-01   5.4210109e-20  -2.8249389e-02
   1.9749718e-01   1.0842022e-19   9.2883517e-03
   2.5244119e-01  -1.0842022e-19   2.9061431e-02
   2.9387931e-01   1.0842022e-19  -1.6164398e-02
   2.1067326e-01   0.0000000e+00  -2.5290983e-02
   1.9992345e-01   0.0000000e+00   1.4241719e-02
   2.6529529e-01   0.0000000e+00   2.6432569e-02
   2.8035585e-01   0.0000000e+00  -2.1574396e-02
   2.0506886e-01   0.0000000e+00  -1.9468259e-02
   2.0606379e-01   0.0000000e+00   2.0484070e-02
   2.8296176e-01   6.7762636e-21   2.0630358e-02
   2.6292343e-01   0.0000000e+00  -2.7038566e-02
   1.9931286e-01   5.4210109e-20  -1.3401958e-02
   2.1152106e-01   0.0000000e+00   2.5917061e-02
   2.9535758e-01   1.0842022e-19   1.5298926e-02
   2.5051175e-01   0.0000000e+00  -2.9238280e-02
   1.9743804e-01   0.0000000e+00  -8.3654271e-03
   2.1825503e-01   0.0000000e+00   2.8557054e-02
   3.0279983e-01  -1.0842022e-19   7.9688924e-03
   2.3656225e-01   0.0000000e+00  -2.9595241e-02
   1.9787084e-01   1.0842022e-19  -1.1586221e-03
   2.3201728e-01   0.0000000e+00   2.9552401e-02
   3.0434586e-01   0.0000000e+00  -4.8607710e-03
   2.2115105e-01  -1.3552527e-20  -2.9022766e-02
   1.9738081e-01   0.0000000e+00   6.6907268e-03
   2.4705970e-01  -1.0842022e-19   2.9501717e-02
   2.9780606e-01   0.0000000e+00  -1.3681585e-02
   2.1307529e-01  -2.7105054e-20  -2.6947203e-02
   1.9832428e-01   0.0000000e+00   1.1919630e-02
   2.5875818e-01   0.0000000e+00   2.8034817e-02
   2.8770268e-01  -2.7105054e-20  -1.8905227e-02
   2.0786944e-01   0.0000000e+00  -2.2520698e-02
   2.0288398e-01   1.0842022e-19   1.7408396e-02
   2.7456183e-01   0.0000000e+00   2.3622840e-02
   2.7080440e-01   0.0000000e+00  -2.4852105e-02
   2.0157089e-01   0.0000000e+00  -1.6139214e-02
   2.0892949e-01   0.0000000e+00   2.3709407e-02
   2.9030737e-01  -1.0842022e-19   1.7887256e-02
   2.5638324e-01   0.0000000e+00  -2.8522263e-02
   1.9786705e-01   0.0000000e+00  -1.1022233e-02
   2.1414126e-01   6.7762636e-21   2.7487162e-02
   2.9920797e-01   0.0000000e+00   1.2539021e-02
   2.4473956e-01  -1.0842022e-19  -2.9608380e-02
   1.9742132e-01   5.4210109e-20  -5.5156739e-03
   2.2331459e-01   0.0000000e+00   2.9255880e-02
   3.0501697e-01   0.0000000e+00   2.6605605e-03
   2.2919356e-01   0.0000000e+00  -2.9517096e-02
   1.9774799e-01   0.0000000e+00   2.5551224e-03
   2.3919475e-01   0.0000000e+00   2.9627287e-02
   3.0177102e-01  -1.0842022e-19  -9.5603422e-03
   2.1682113e-01   0.0000000e+00  -2.8271969e-02
   1.9749134e-01   1.0842022e-19   9.2255038e-03
   2.5230734e-01   0.0000000e+00   2.9074973e-02
   2.9398598e-01  -2.7105054e-20  -1.6105164e-02
   2.1073190e-01   2.7105054e-20  -2.5336547e-02
   1.9987828e-01   1.0842022e-19   1.4182371e-02
   2.6512658e-01   0.0000000e+00   2.6476954e-02
   2.8053878e-01  -2.7105054e-20  -2.1508262e-02
   2.0513863e-01   0.0000000e+00  -1.9537503e-02
   2.0599813e-01   0.0000000e+00   2.0414969e-02
   2.8278949e-01   0.0000000e+00   2.0692731e-02
   2.6307766e-01   0.0000000e+00  -2.7000171e-02
   1.9935128e-01   0.0000000e+00  -1.3456905e-02
   2.1146471e-01   0.0000000e+00   2.5877209e-02
   2.9526245e-01   0.0000000e+00   1.5357144e-02
   2.5063979e-01   0.0000000e+00  -2.9227560e-02
   1.9744070e-01   0.0000000e+00  -8.4274750e-03
   2.1814985e-01   0.0000000e+00   2.8537797e-02
   3.0273138e-01   1.0842022e-19   8.0849267e-03
   2.3674643e-01   0.0000000e+00  -2.9597705e-02
   1.9786439e-01   0.0000000e+00  -1.2555811e-03
   2.3182182e-01  -1.0842022e-19   2.9550883e-02
   3.0440232e-01  -1.0842022e-19  -4.7155909e-03
   2.2129028e-01   1.0842022e-19  -2.9041272e-02
   1.9738042e-01   0.0000000e+00   6.6124934e-03
   2.4690120e-01   0.0000000e+00   2.9511588e-02
   2.9791093e-01   1.0842022e-19  -1.3604900e-02
   2.1314812e-01  -1.3552527e-20  -2.6989804e-02
   1.9828513e-01  -1.3552527e-20   1.1853919e-02
   2.5857721e-01   0.0000000e+00   2.8075165e-02
   2.8790781e-01  -5.4210109e-20  -1.8828485e-02
   2.0794989e-01  -1.0842022e-19  -2.2613548e-02
   2.0278131e-01  -1.0842022e-19   1.7311991e-02
   2.7427866e-01   1.0842022e-19   2.3718930e-02
   2.7108189e-01   5.4210109e-20  -2.4765109e-02
   2.0166356e-01   1.6940659e-21  -1.6232778e-02
   2.0884990e-01  -5.4210109e-20   2.3624788e-02
   2.9012240e-01   6.7762636e-21   1.7964042e-02
   2.5656103e-01   0.0000000e+00  -2.8489666e-02
   1.9789569e-01   0.0000000e+00  -1.1092769e-02
   2.1405037e-01  -1.0842022e-19   2.7448514e-02
   2.9909979e-01   0.0000000e+00   1.2637702e-02
   2.4493598e-01   0.0000000e+00  -2.9602581e-02
   1.9741388e-01  -1.0842022e-19  -5.6178955e-03
   2.2312016e-01   0.0000000e+00   2.9239427e-02
   3.0497384e-01   1.0842022e-19   2.8531130e-03
   2.2942927e-01   0.0000000e+00  -2.9521528e-02
   1.9776002e-01   0.0000000e+00   2.4384301e-03
   2.3897644e-01   0.0000000e+00   2.9625092e-02
   3.0186038e-01  -1.0842022e-19  -9.4332875e-03
   2.1693532e-01  -1.0842022e-19  -2.8296784e-02
   1.9748520e-01   0.0000000e+00   9.1556715e-03
   2.5215973e-01   0.0000000e+00   2.9089755e-02
   2.9410289e-01   0.0000000e+00  -1.6039404e-02
   2.1079695e-01   2.7105054e-20  -2.5386719e-02
   1.9982866e-01  -1.0842022e-19   1.4116744e-02
   2.6494050e-01   2.1684043e-19   2.6525793e-02
   2.8074146e-01  -5.4210109e-20  -2.1434975e-02
   2.0521596e-01   2.7105054e-20  -1.9614627e-02
   2.0592454e-01   0.0000000e+00   2.0338032e-02
   2.8259711e-01   0.0000000e+00   2.0762572e-02
   2.6325138e-01   0.0000000e+00  -2.6956955e-02
   1.9939454e-01  -5.4210109e-20  -1.3518597e-02
   2.1140142e-01   0.0000000e+00   2.5832341e-02
   2.9515544e-01   0.0000000e+00   1.5422405e-02
   2.5078433e-01   0.0000000e+00  -2.9215418e-02
   1.9744371e-01  -1.0842022e-19  -8.4971613e-03
   2.1803219e-01   0.0000000e+00   2.8515976e-02
   3.0265294e-01  -6.7762636e-21   8.2152531e-03
   2.3695496e-01   0.0000000e+00  -2.9600514e-02
   1.9785618e-01   0.0000000e+00  -1.3654422e-03
   2.3160001e-01  -1.0842022e-19   2.9549093e-02
   3.0446467e-01   1.0842022e-19  -4.5496389e-03
   2.2144996e-01   0.0000000e+00  -2.9061925e-02
   1.9738045e-01   0.0000000e+00   6.5231610e-03
   2.4672100e-01   0.0000000e+00   2.9522426e-02
   2.9802834e-01   0.0000000e+00  -1.3517390e-02
   2.1323089e-01   0.0000000e+00  -2.7037425e-02
   1.9824178e-01   0.0000000e+00   1.1779767e-02
   2.5837437e-01   1.0842022e-19   2.8120004e-02
   2.8813770e-01   0.0000000e+00  -1.8742081e-02
   2.0804011e-01  -2.7105054e-20  -2.2717880e-02
   2.0266556e-01   0.0000000e+00   1.7203336e-02
   2.7395856e-01   0.0000000e+00   2.3826950e-02
   2.7139670e-01   0.0000000e+00  -2.4665632e-02
   2.0176909e-01   0.0000000e+00  -1.6338872e-02
   2.0876016e-01   0.0000000e+00   2.3528206e-02
   2.8991095e-01  -2.7105054e-20   1.8050544e-02
   2.5676164e-01   0.0000000e+00  -2.8452051e-02
   1.9792931e-01   0.0000000e+00  -1.1171522e-02
   2.1395042e-01  -1.0842022e-19   2.7404560e-02
   2.9897815e-01   0.0000000e+00   1.2745938e-02
   2.4515259e-01  -5.4210109e-20  -2.9595541e-02
   1.9740669e-01   1.0842022e-19  -5.7299447e-03
   2.2290850e-01   0.0000000e+00   2.9220575e-02
   3.0492305e-01   1.0842022e-19   3.0641765e-03
   2.2969041e-01   0.0000000e+00  -2.9526045e-02
   1.9777348e-01   0.0000000e+00   2.3093973e-03
   2.3873430e-01   1.0842022e-19   2.9622569e-02
   3.0195844e-01   0.0000000e+00  -9.2916262e-03
   2.1706203e-01   1.0842022e-19  -2.8324063e-02
   1.9747883e-01   0.0000000e+00   9.0780809e-03
   2.5199560e-01   0.0000000e+00   2.9105866e-02
   2.9423208e-01   0.0000000e+00  -1.5966404e-02
   2.1086900e-01   0.0000000e+00  -2.5441838e-02
   1.9977435e-01   0.0000000e+00   1.4044297e-02
   2.6473456e-01   0.0000000e+00   2.6579411e-02
   2.8096574e-01   1.0842022e-19  -2.1353920e-02
   2.0530138e-01   0.0000000e+00  -1.9700350e-02
   2.0584232e-01   0.0000000e+00   2.0252486e-02
   2.8238222e-01  -1.0842022e-19   2.0840665e-02
   2.6344553e-01   2.7105054e-20  -2.6908360e-02
   1.9944316e-01   0.0000000e+00  -1.3587724e-02
   2.1133055e-01  -1.0842022e-19   2.5781877e-02
   2.9503585e-01  -1.0842022e-19   1.5495266e-02
   2.5094514e-01   0.0000000e+00  -2.9201700e-02
   1.9744733e-01   0.0000000e+00  -8.5750853e-03
   2.1790009e-01   0.0000000e+00   2.8491402e-02
   3.0256374e-01   1.3552527e-20   8.3608662e-03
   2.3718979e-01   0.0000000e+00  -2.9603664e-02
   1.9784683e-01   0.0000000e+00  -1.4893524e-03
   2.3134992e-01  -5.4210109e-20   2.9546895e-02
   3.0453299e-01   0.0000000e+00  -4.3606571e-03
   2.2163300e-01   0.0000000e+00  -2.9084718e-02
   1.9738132e-01   0.0000000e+00   6.4215943e-03
   2.4651635e-01   0.0000000e+00   2.9534158e-02
   2.9815897e-01   2.7105054e-20  -1.3418025e-02
   2.1332436e-01   1.0842022e-19  -2.7090155e-02
   1.9819417e-01   0.0000000e+00   1.1696734e-02
   2.5814824e-01   0.0000000e+00   2.8169261e-02
   2.8839240e-01   0.0000000e+00  -1.8645707e-02
   2.0814044e-01   5.4210109e-20  -2.2833786e-02
   2.0253664e-01  -5.4210109e-20   1.7082075e-02
   2.7360061e-01  -5.4210109e-20   2.3947012e-02
   2.7175049e-01   0.0000000e+00  -2.4552912e-02
   2.0188899e-01   0.0000000e+00  -1.6457966e-02
   2.0866033e-01  -1.0842022e-19   2.3418935e-02
   2.8967224e-01   2.7105054e-20   1.8147007e-02
   2.5698506e-01   0.0000000e+00  -2.8409011e-02
   1.9796833e-01   0.0000000e+00  -1.1258527e-02
   2.1384198e-01   0.0000000e+00   2.7354979e-02
   2.9884353e-01   0.0000000e+00   1.2863129e-02
   2.4538850e-01   0.0000000e+00  -2.9587055e-02
   1.9740008e-01   0.0000000e+00  -5.8511071e-03
   2.2268154e-01   1.3552527e-20   2.9199206e-02
   3.0486449e-01  -5.4210109e-20   3.2922705e-03
   2.2997568e-01   0.0000000e+00  -2.9530537e-02
   1.9778700e-01   0.0000000e+00   2.1686249e-03
   2.3847003e-01   0.0000000e+00   2.9619665e-02
   3.0206438e-01  -1.0842022e-19  -9.1356390e-03
   2.1720198e-01   5.4210109e-20  -2.8353503e-02
   1.9747243e-01  -1.0842022e-19   8.9929840e-03
   2.5181645e-01   0.0000000e+00   2.9123112e-02
   2.9437246e-01  -2.1684043e-19  -1.5886448e-02
   2.1094767e-01   1.3552527e-20  -2.5501453e-02
   1.9971573e-01   1.0842022e-19   1.3965474e-02
   2.6451098e-01   0.0000000e+00   2.6637327e-02
   2.8121009e-01   0.0000000e+00  -2.1265577e-02
   2.0539456e-01  -5.4210109e-20  -1.9794246e-02
   2.0575182e-01   0.0000000e+00   2.0158731e-02
   2.8214538e-01   0.0000000e+00   2.0926730e-02
   2.6365999e-01   0.0000000e+00  -2.6854420e-02
   1.9949723e-01  -5.4210109e-20  -1.3664046e-02
   2.1125242e-01   1.0842022e-19   2.5725906e-02
   2.9490295e-01   0.0000000e+00   1.5575324e-02
   2.5112279e-01   0.0000000e+00  -2.9186331e-02
   1.9745166e-01   1.0842022e-19  -8.6607346e-03
   2.1775559e-01  -5.4210109e-20   2.8464000e-02
   3.0246454e-01   0.0000000e+00   8.5206320e-03
   2.3744976e-01   0.0000000e+00  -2.9607093e-02
   1.9783623e-01   0.0000000e+00  -1.6266905e-03
