   2.7525435e-01  -1.0842022e-19   2.3386365e-02
   2.7013071e-01   5.4210109e-20  -2.5060982e-02
   2.0134878e-01   0.0000000e+00  -1.5912117e-02
   2.0912343e-01   0.0000000e+00   2.3912875e-02
   2.9075228e-01   0.0000000e+00   1.7699493e-02
   2.5594965e-01  -5.4210109e-20  -2.8599342e-02
   1.9780026e-01   0.0000000e+00  -1.0848036e-02
   2.1436922e-01  -2.7105054e-20   2.7580315e-02
   2.9947298e-01  -1.0842022e-19   1.2289750e-02
   2.4424567e-01   5.4210109e-20  -2.9621201e-02
   1.9744171e-01   0.0000000e+00  -5.2581698e-03
   2.2380605e-01   5.4210109e-20   2.9295003e-02
   3.0511055e-01   0.0000000e+00   2.1769519e-03
   2.2860846e-01   0.0000000e+00  -2.9505334e-02
   1.9771597e-01  -2.7105054e-20   2.8436441e-03
   2.3973265e-01  -5.4210109e-20   2.9632755e-02
   3.0154977e-01   1.0842022e-19  -9.8696268e-03
   2.1654414e-01   0.0000000e+00  -2.8210754e-02
   1.9750619e-01   0.0000000e+00   9.3956574e-03
   2.5266793e-01   0.0000000e+00   2.9038654e-02
   2.9369864e-01  -1.0842022e-19  -1.6264820e-02
   2.1057440e-01   0.0000000e+00  -2.5214226e-02
   1.9999891e-01   0.0000000e+00   1.4341688e-02
   2.6557843e-01   1.3552527e-20   2.6358294e-02
   2.8005104e-01   0.0000000e+00  -2.1684955e-02
   2.0495104e-01   0.0000000e+00  -1.9354364e-02
   2.0616973e-01   0.0000000e+00   2.0598320e-02
   2.8324242e-01   0.0000000e+00   2.0529135e-02
   2.6267323e-01  -1.0842022e-19  -2.7101212e-02
   1.9925028e-01  -2.7105054e-20  -1.3313641e-02
   2.1161111e-01  -6.7762636e-21   2.5981380e-02
   2.9550837e-01   0.0000000e+00   1.5206664e-02
   2.5030963e-01   0.0000000e+00  -2.9255800e-02
   1.9743269e-01   0.0000000e+00  -8.2682691e-03
   2.1841896e-01  -1.0842022e-19   2.8587443e-02
   3.0290629e-01   1.0842022e-19   7.7887576e-03
   2.3627828e-01   0.0000000e+00  -2.9592025e-02
   1.9787891e-01   2.7105054e-20  -1.0102706e-03
   2.3231458e-01   2.7105054e-20   2.9555075e-02
   3.0425878e-01   1.0842022e-19  -5.0797944e-03
   2.2094147e-01   0.0000000e+00  -2.8994792e-02
   1.9738156e-01   0.0000000e+00   6.8082113e-03
   2.4729758e-01   1.0842022e-19   2.9486944e-02
   2.9764943e-01   0.0000000e+00  -1.3796025e-02
   2.1296715e-01   0.0000000e+00  -2.6883325e-02
   1.9838303e-01   1.0842022e-19   1.2017721e-02
   2.5902803e-01   1.0842022e-19   2.7974489e-02
   2.8739711e-01   0.0000000e+00  -1.9019394e-02
   2.0775053e-01   0.0000000e+00  -2.2383247e-02
   2.0303552e-01   0.0000000e+00   1.7550686e-02
   2.7497782e-01   0.0000000e+00   2.3481226e-02
   2.7039935e-01  -5.4210109e-20  -2.4978248e-02
   2.0143643e-01   0.0000000e+00  -1.6002863e-02
   2.0904554e-01  -1.0842022e-19   2.3832068e-02
   2.9057517e-01   0.0000000e+00   1.7775077e-02
   2.5612433e-01  -1.0842022e-19  -2.8568992e-02
   1.9782609e-01   0.0000000e+00  -1.0918767e-02
   2.1427559e-01  -1.0842022e-19   2.7543098e-02
   2.9936570e-01   0.0000000e+00   1.2392499e-02
   2.4444892e-01   0.0000000e+00  -2.9616432e-02
   1.9743291e-01   1.0842022e-19  -5.3644321e-03
   2.2360240e-01   0.0000000e+00   2.9279434e-02
   3.0507411e-01   0.0000000e+00   2.3766380e-03
   2.2884877e-01   0.0000000e+00  -2.9510483e-02
   1.9772899e-01   0.0000000e+00   2.7251016e-03
   2.3951182e-01   0.0000000e+00   2.9630685e-02
   3.0164146e-01   0.0000000e+00  -9.7431254e-03
   2.1665751e-01   0.0000000e+00  -2.8236269e-02
   1.9749948e-01   0.0000000e+00   9.3256941e-03
   2.5251898e-01  -1.0842022e-19   2.9054002e-02
   2.9381852e-01   0.0000000e+00  -1.6198910e-02
   2.1063974e-01  -1.0842022e-19  -2.5265391e-02
   1.9994823e-01   0.0000000e+00   1.4275386e-02
   2.6538971e-01   0.0000000e+00   2.6408110e-02
   2.8025490e-01   0.0000000e+00  -2.1611365e-02
   2.0502903e-01   0.0000000e+00  -1.9430623e-02
   2.0609845e-01   0.0000000e+00   2.0522093e-02
   2.8305487e-01   0.0000000e+00   2.0597091e-02
   2.6284121e-01   0.0000000e+00  -2.7059508e-02
   1.9929203e-01   0.0000000e+00  -1.3373189e-02
   2.1155003e-01   0.0000000e+00   2.5938276e-02
   2.9540670e-01   0.0000000e+00   1.5269622e-02
   2.5044740e-01   0.0000000e+00  -2.9244226e-02
   1.9743571e-01   5.4210109e-20  -8.3350143e-03
   2.1830574e-01   0.0000000e+00   2.8566877e-02
   3.0283367e-01   0.0000000e+00   7.9132704e-03
   2.3647405e-01   0.0000000e+00  -2.9594498e-02
   1.9787270e-01  -5.4210109e-20  -1.1128992e-03
   2.3210850e-01  -1.0842022e-19   2.9553463e-02
   3.0432001e-01   0.0000000e+00  -4.9281977e-03
   2.2108643e-01  -1.0842022e-19  -2.9014581e-02
   1.9738066e-01   2.7105054e-20   6.7265411e-03
   2.4713138e-01   0.0000000e+00   2.9497640e-02
   2.9775994e-01  -1.0842022e-19  -1.3716095e-02
   2.1304301e-01   0.0000000e+00  -2.6928740e-02
   1.9834073e-01   1.0842022e-19   1.1948469e-02
   2.5883663e-01   0.0000000e+00   2.8017662e-02
   2.8761473e-01   0.0000000e+00  -1.8938392e-02
   2.0783485e-01   5.4210109e-20  -2.2481356e-02
   2.0292699e-01   5.4210109e-20   1.7449399e-02
   2.7468137e-01   0.0000000e+00   2.3582455e-02
   2.7068827e-01   0.0000000e+00  -2.4888601e-02
   2.0153158e-01   1.0842022e-19  -1.6100373e-02
   2.0896236e-01   0.0000000e+00   2.3744651e-02
   2.9038397e-01   1.0842022e-19   1.7855764e-02
   2.5631061e-01   2.7105054e-20  -2.8535823e-02
   1.9785475e-01   0.0000000e+00  -1.0993673e-02
   2.1417718e-01   0.0000000e+00   2.7503044e-02
   2.9925168e-01   1.0842022e-19   1.2499624e-02
   2.4466111e-01   0.0000000e+00  -2.9610921e-02
   1.9742447e-01   0.0000000e+00  -5.4753246e-03
   2.2339052e-01  -1.0842022e-19   2.9262516e-02
   3.0503298e-01  -1.3552527e-20   2.5853147e-03
   2.2910158e-01   0.0000000e+00  -2.9515620e-02
   1.9774287e-01   0.0000000e+00   2.6001378e-03
   2.3927831e-01   0.0000000e+00   2.9628434e-02
   3.0173764e-01   1.0842022e-19  -9.6086542e-03
   2.1677831e-01   0.0000000e+00  -2.8262991e-02
   1.9749257e-01   0.0000000e+00   9.2515295e-03
   2.5236142e-01   0.0000000e+00   2.9070019e-02
   2.9394467e-01   1.3552527e-20  -1.6129057e-02
   2.1070875e-01  -1.0842022e-19  -2.5319237e-02
   1.9989492e-01   0.0000000e+00   1.4205368e-02
   2.6519072e-01   0.0000000e+00   2.6460509e-02
   2.8047021e-01  -2.7105054e-20  -2.1533462e-02
   2.0511158e-01   0.0000000e+00  -1.9511888e-02
   2.0602206e-01  -1.0842022e-19   2.0440883e-02
   2.8285324e-01   0.0000000e+00   2.0670058e-02
   2.6302147e-01   0.0000000e+00  -2.7014612e-02
   1.9933703e-01   0.0000000e+00  -1.3437344e-02
   2.1148390e-01   0.0000000e+00   2.5891783e-02
   2.9529603e-01   2.7105054e-20   1.5337492e-02
   2.5059683e-01   0.0000000e+00  -2.9231691e-02
   1.9743889e-01  -5.4210109e-20  -8.4071983e-03
   2.1818373e-01  -6.7762636e-21   2.8544468e-02
   3.0275405e-01  -1.0842022e-19   8.0481033e-03
   2.3668780e-01   0.0000000e+00  -2.9597277e-02
   1.9786562e-01   0.0000000e+00  -1.2251321e-03
   2.3188233e-01   0.0000000e+00   2.9551693e-02
   3.0438556e-01   0.0000000e+00  -4.7607787e-03
   2.2124672e-01   0.0000000e+00  -2.9036019e-02
   1.9737995e-01  -5.4210109e-20   6.6363710e-03
   2.4694895e-01   0.0000000e+00   2.9509071e-02
   2.9788089e-01   1.0842022e-19  -1.3627781e-02
   2.1312640e-01  -1.0842022e-19  -2.6978057e-02
   1.9829523e-01   0.0000000e+00   1.1872649e-02
   2.5862754e-01  -5.4210109e-20   2.8064362e-02
   2.8785188e-01  -5.4210109e-20  -1.8849818e-02
   2.0792725e-01   1.0842022e-19  -2.2588535e-02
   2.0280832e-01   0.0000000e+00   1.7338306e-02
   2.7435522e-01   0.0000000e+00   2.3693245e-02
   2.7100738e-01   0.0000000e+00  -2.4788797e-02
   2.0163775e-01   1.0842022e-19  -1.6207939e-02
   2.0887098e-01   1.3552527e-20   2.3647524e-02
   2.9017172e-01   0.0000000e+00   1.7944156e-02
   2.5651498e-01   1.0842022e-19  -2.8498544e-02
   1.9788746e-01   0.0000000e+00  -1.1075036e-02
   2.1407201e-01   0.0000000e+00   2.7458669e-02
   2.9912718e-01   4.2351647e-22   1.2613954e-02
   2.4488860e-01  -5.4210109e-20  -2.9604369e-02
   1.9741527e-01  -2.7105054e-20  -5.5937301e-03
   2.2316523e-01   0.0000000e+00   2.9243656e-02
   3.0498450e-01   1.0842022e-19   2.8082444e-03
   2.2937408e-01   0.0000000e+00  -2.9520792e-02
   1.9775700e-01   0.0000000e+00   2.4654120e-03
   2.3902604e-01   0.0000000e+00   2.9625917e-02
   3.0184064e-01   0.0000000e+00  -9.4623688e-03
   2.1690897e-01  -1.0842022e-19  -2.8291705e-02
   1.9748553e-01  -1.0842022e-19   9.1711090e-03
   2.5219142e-01  -1.0842022e-19   2.9087068e-02
   2.9407941e-01   0.0000000e+00  -1.6053375e-02
   2.1078337e-01   1.0842022e-19  -2.5377055e-02
   1.9983780e-01   0.0000000e+00   1.4129820e-02
   2.6497642e-01  -1.0842022e-19   2.6516747e-02
   2.8070325e-01   0.0000000e+00  -2.1449186e-02
   2.0520095e-01   1.0842022e-19  -1.9600328e-02
   2.0593826e-01   6.7762636e-21   2.0352527e-02
   2.8263275e-01   5.4210109e-20   2.0750029e-02
   2.6322005e-01  -1.0842022e-19  -2.6965144e-02
   1.9938648e-01   1.3552527e-20  -1.3507889e-02
   2.1141134e-01   0.0000000e+00   2.5840507e-02
   2.9517378e-01   0.0000000e+00   1.5412036e-02
   2.5076141e-01   1.0842022e-19  -2.9217813e-02
   1.9744240e-01   5.4210109e-20  -8.4866885e-03
   2.1804882e-01   0.0000000e+00   2.8519650e-02
   3.0266487e-01  -2.1684043e-19   8.1966497e-03
   2.3692522e-01   0.0000000e+00  -2.9600408e-02
   1.9785732e-01   0.0000000e+00  -1.3500547e-03
   2.3163051e-01   0.0000000e+00   2.9549627e-02
   3.0445662e-01  -1.0842022e-19  -4.5724920e-03
   2.2142812e-01   0.0000000e+00  -2.9059490e-02
   1.9737976e-01   0.0000000e+00   6.5350568e-03
   2.4674392e-01  -1.0842022e-19   2.9521430e-02
   2.9801458e-01   1.0842022e-19  -1.3528566e-02
   2.1322006e-01   0.0000000e+00  -2.7032216e-02
   1.9824584e-01   1.0842022e-19   1.1788486e-02
   2.5839699e-01   1.0842022e-19   2.8115345e-02
   2.8811304e-01   0.0000000e+00  -1.8751753e-02
   2.0803010e-01  -1.0842022e-19  -2.2706872e-02
   2.0267740e-01   0.0000000e+00   1.7215030e-02
   2.7399246e-01   0.0000000e+00   2.3815782e-02
   2.7136406e-01   0.0000000e+00  -2.4676267e-02
   2.0175787e-01   1.0842022e-19  -1.6328017e-02
   2.0876900e-01  -5.4210109e-20   2.3538311e-02
   2.8993282e-01  -3.3881318e-21   1.8042142e-02
   2.5674226e-01   1.0842022e-19  -2.8456068e-02
   1.9792538e-01   0.0000000e+00  -1.1164336e-02
   2.1395869e-01   0.0000000e+00   2.7408916e-02
   2.9898966e-01   0.0000000e+00   1.2736962e-02
   2.4513493e-01   0.0000000e+00  -2.9596446e-02
   1.9740653e-01  -1.0842022e-19  -5.7210611e-03
   2.2292487e-01   0.0000000e+00   2.9222331e-02
   3.0492735e-01  -1.0842022e-19   3.0480259e-03
   2.2967054e-01  -2.7105054e-20  -2.9525939e-02
   1.9777174e-01   0.0000000e+00   2.3190498e-03
   2.3875177e-01  -1.0842022e-19   2.9623032e-02
   3.0195162e-01   1.0842022e-19  -9.3019084e-03
   2.1705279e-01   5.4210109e-20  -2.8322595e-02
   1.9747831e-01  -1.0842022e-19   9.0832303e-03
   2.5200540e-01   5.4210109e-20   2.9105323e-02
   2.9422550e-01   1.0842022e-19  -1.5970732e-02
   2.1086482e-01  -1.0842022e-19  -2.5439464e-02
   1.9977626e-01   0.0000000e+00   1.4047819e-02
   2.6474388e-01   0.0000000e+00   2.6577402e-02
   2.8095690e-01   5.4210109e-20  -2.1357486e-02
   2.0529793e-01   0.0000000e+00  -1.9697164e-02
   2.0584515e-01   0.0000000e+00   2.0255868e-02
   2.8238994e-01  -1.0842022e-19   2.0838172e-02
   2.6343958e-01   8.4703295e-22  -2.6910275e-02
   1.9944134e-01  -1.3552527e-20  -1.3585850e-02
   2.1133131e-01   1.0842022e-19   2.5783594e-02
   2.9503850e-01  -1.0842022e-19   1.5494153e-02
   2.5094281e-01   0.0000000e+00  -2.9202320e-02
   1.9744649e-01  -1.0842022e-19  -8.5744263e-03
   2.1790032e-01   0.0000000e+00   2.8491947e-02
   3.0256456e-01   0.0000000e+00   8.3605114e-03
   2.3718957e-01   0.0000000e+00  -2.9603909e-02
   1.9784631e-01   5.4210109e-20  -1.4893692e-03
   2.3134974e-01   6.7762636e-21   2.9547115e-02
   3.0453371e-01   5.4210109e-20  -4.3602046e-03
   2.2163386e-01   0.0000000e+00  -2.9085071e-02
   1.9738052e-01   0.0000000e+00   6.4210089e-03
   2.4651449e-01   0.0000000e+00   2.9534592e-02
   2.9816176e-01  -6.7762636e-21  -1.3417023e-02
   2.1332516e-01   0.0000000e+00  -2.7091378e-02
   1.9819255e-01  -1.0842022e-19   1.1695289e-02
   2.5814352e-01   1.0842022e-19   2.8170615e-02
   2.8839891e-01   5.4210109e-20  -1.8643599e-02
   2.0814273e-01  -5.4210109e-20  -2.2836895e-02
   2.0253320e-01  -2.7105054e-20   1.7078962e-02
   2.7359132e-01   0.0000000e+00   2.3950437e-02
   2.7176019e-01   0.0000000e+00  -2.4549912e-02
   2.0189239e-01   2.7105054e-20  -1.6461522e-02
   2.0865671e-01   0.0000000e+00   2.3415852e-02
   2.8966545e-01   0.0000000e+00   1.8150259e-02
   2.5699299e-01   0.0000000e+00  -2.8407815e-02
   1.9796910e-01   0.0000000e+00  -1.1261838e-02
   2.1383737e-01   0.0000000e+00   2.7353340e-02
   2.9883897e-01  -8.4703295e-22   1.2868275e-02
   2.4539883e-01   0.0000000e+00  -2.9586951e-02
   1.9739895e-01   0.0000000e+00  -5.8568143e-03
   2.2267043e-01  -1.0842022e-19   2.9198399e-02
   3.0486242e-01   0.0000000e+00   3.3035346e-03
   2.2998994e-01   0.0000000e+00  -2.9530977e-02
   1.9778759e-01   0.0000000e+00   2.1613830e-03
   2.3845598e-01   0.0000000e+00   2.9619744e-02
   3.0207016e-01   0.0000000e+00  -9.1272507e-03
   2.1720979e-01   0.0000000e+00  -2.8355496e-02
   1.9747112e-01   0.0000000e+00   8.9879864e-03
   2.5180543e-01  -6.7762636e-21   2.9124571e-02
   2.9438212e-01   0.0000000e+00  -1.5881289e-02
   2.1095291e-01  -1.0842022e-19  -2.5506100e-02
   1.9971080e-01   0.0000000e+00   1.3959693e-02
   2.6449387e-01   0.0000000e+00   2.6642105e-02
   2.8122994e-01   0.0000000e+00  -2.1258741e-02
   2.0540186e-01  -5.4210109e-20  -1.9802117e-02
   2.0574379e-01   0.0000000e+00   2.0151106e-02
   2.8212507e-01   0.0000000e+00   2.0934330e-02
   2.6367915e-01   0.0000000e+00  -2.6849969e-02
   1.9950178e-01   0.0000000e+00  -1.3671102e-02
   2.1124423e-01   1.0842022e-19   2.5721029e-02
   2.9489015e-01   0.0000000e+00   1.5583482e-02
   2.5114136e-01   0.0000000e+00  -2.9185113e-02
   1.9745129e-01   0.0000000e+00  -8.6699503e-03
   2.1773958e-01   5.4210109e-20   2.8461304e-02
   3.0245339e-01   0.0000000e+00   8.5386030e-03
   2.3747927e-01   0.0000000e+00  -2.9607728e-02
   1.9783446e-01   0.0000000e+00  -1.6425201e-03
   2.3103979e-01   0.0000000e+00   2.9544135e-02
   3.0461599e-01   0.0000000e+00  -4.1240719e-03
   2.2186293e-01   0.0000000e+00  -2.9112507e-02
   1.9738290e-01   0.0000000e+00   6.2944203e-03
   2.4626180e-01   0.0000000e+00   2.9548188e-02
   2.9832105e-01   0.0000000e+00  -1.3293427e-02
   2.1344116e-01   0.0000000e+00  -2.7154650e-02
   1.9813666e-01  -1.0842022e-19   1.1593959e-02
   2.5786982e-01   0.0000000e+00   2.8229152e-02
   2.8870499e-01   2.7105054e-20  -1.8526694e-02
   2.0826474e-01   0.0000000e+00  -2.2976471e-02
   2.0237804e-01   0.0000000e+00   1.6931958e-02
   2.7315587e-01  -1.0842022e-19   2.4095115e-02
   2.7219154e-01   0.0000000e+00  -2.4410942e-02
   2.0204037e-01   0.0000000e+00  -1.6606827e-02
   2.0853558e-01  -6.7762636e-21   2.3281361e-02
   2.8937173e-01   0.0000000e+00   1.8267147e-02
   2.5726436e-01   5.4210109e-20  -2.8354069e-02
   1.9801865e-01   0.0000000e+00  -1.1366099e-02
   2.1371036e-01   2.7105054e-20   2.7292481e-02
   2.9867698e-01  -2.1684043e-19   1.3005307e-02
   2.4567532e-01   0.0000000e+00  -2.9575831e-02
   1.9739218e-01   0.0000000e+00  -5.9982238e-03
   2.2240687e-01   0.0000000e+00   2.9172161e-02
   3.0478821e-01   0.0000000e+00   3.5693096e-03
   2.3032540e-01   0.0000000e+00  -2.9535760e-02
   1.9780302e-01   0.0000000e+00   1.9954831e-03
   2.3814436e-01  -2.7105054e-20   2.9616095e-02
   3.0219391e-01  -5.4210109e-20  -8.9413926e-03
   2.1737722e-01   0.0000000e+00  -2.8389698e-02
   1.9746425e-01   0.0000000e+00   8.8870971e-03
   2.5159350e-01   0.0000000e+00   2.9144403e-02
   2.9454573e-01   0.0000000e+00  -1.5786695e-02
   2.1104580e-01   0.0000000e+00  -2.5575498e-02
   1.9964283e-01   0.0000000e+00   1.3867228e-02
   2.6423216e-01   0.0000000e+00   2.6709376e-02
