   2.1289774e-01   0.0000000e+00  -2.6839567e-02
   1.9842474e-01   0.0000000e+00   1.2082851e-02
   2.5921101e-01  -2.7105054e-20   2.7932013e-02
   2.8718521e-01   1.0842022e-19  -1.9096782e-02
   2.0766911e-01   0.0000000e+00  -2.2287983e-02
   2.0314141e-01   0.0000000e+00   1.7648314e-02
   2.7526361e-01   1.0842022e-19   2.3382414e-02
   2.7012015e-01   0.0000000e+00  -2.5063676e-02
   2.0134665e-01   1.0842022e-19  -1.5907776e-02
   2.0912843e-01   2.7105054e-20   2.3916090e-02
   2.9076124e-01   0.0000000e+00   1.7694679e-02
   2.5593862e-01   6.7762636e-21  -2.8600352e-02
   1.9780046e-01   0.0000000e+00  -1.0842376e-02
   2.1437838e-01   0.0000000e+00   2.7582500e-02
   2.9948187e-01   0.0000000e+00   1.2279306e-02
   2.4422517e-01  -1.0842022e-19  -2.9620890e-02
   1.9744416e-01   0.0000000e+00  -5.2464051e-03
   2.2383037e-01   0.0000000e+00   2.9296062e-02
   3.0511402e-01   0.0000000e+00   2.1534701e-03
   2.2858071e-01  -6.7762636e-21  -2.9504072e-02
   1.9771548e-01   1.0842022e-19   2.8581832e-03
   2.3976136e-01  -1.0842022e-19   2.9632320e-02
   3.0153651e-01   0.0000000e+00  -9.8859587e-03
   2.1652965e-01   0.0000000e+00  -2.8206127e-02
   1.9750950e-01   0.0000000e+00   9.4059442e-03
   2.5269244e-01   0.0000000e+00   2.9035050e-02
   2.9367591e-01   2.7105054e-20  -1.6275809e-02
   2.1056278e-01   0.0000000e+00  -2.5203463e-02
   2.0001106e-01   0.0000000e+00   1.4354633e-02
   2.6561768e-01   0.0000000e+00   2.6346982e-02
   2.8000604e-01   0.0000000e+00  -2.1700274e-02
   2.0493543e-01   0.0000000e+00  -1.9336902e-02
   2.0618728e-01   0.0000000e+00   2.0615022e-02
   2.8328497e-01   0.0000000e+00   2.0512667e-02
   2.6263240e-01   0.0000000e+00  -2.7110330e-02
   1.9924157e-01   0.0000000e+00  -1.3298212e-02
   2.1162837e-01   0.0000000e+00   2.5991712e-02
   2.9553547e-01   0.0000000e+00   1.5188068e-02
   2.5026797e-01   0.0000000e+00  -2.9258117e-02
   1.9743408e-01   0.0000000e+00  -8.2471045e-03
   2.1845697e-01   2.7105054e-20   2.8593037e-02
   3.0292876e-01   0.0000000e+00   7.7469154e-03
   2.3621201e-01   0.0000000e+00  -2.9590464e-02
   1.9788195e-01   0.0000000e+00  -9.7509544e-04
   2.3238652e-01   0.0000000e+00   2.9554918e-02
   3.0423556e-01   0.0000000e+00  -5.1326326e-03
   2.2089070e-01  -1.0842022e-19  -2.8986812e-02
   1.9738318e-01   0.0000000e+00   6.8377678e-03
   2.4735963e-01  -1.0842022e-19   2.9481905e-02
   2.9760523e-01   2.7105054e-20  -1.3826132e-02
   2.1293772e-01   0.0000000e+00  -2.6864052e-02
   1.9840181e-01  -5.4210109e-20   1.2045871e-02
   2.5910821e-01   0.0000000e+00   2.7955387e-02
   2.8730274e-01   1.0842022e-19  -1.9053458e-02
   2.0771439e-01   5.4210109e-20  -2.2340413e-02
   2.0308351e-01  -1.0842022e-19   1.7594368e-02
   2.7510677e-01  -1.0842022e-19   2.3436409e-02
   2.7027243e-01  -5.4210109e-20  -2.5016791e-02
   2.0139614e-01   0.0000000e+00  -1.5959402e-02
   2.0908402e-01   0.0000000e+00   2.3870236e-02
   2.9066025e-01   0.0000000e+00   1.7737802e-02
   2.5603771e-01   0.0000000e+00  -2.8583204e-02
   1.9781523e-01   0.0000000e+00  -1.0882831e-02
   2.1432423e-01   0.0000000e+00   2.7561371e-02
   2.9942049e-01   0.0000000e+00   1.2338424e-02
   2.4434135e-01   0.0000000e+00  -2.9618282e-02
   1.9743888e-01   0.0000000e+00  -5.3075415e-03
   2.2371263e-01   0.0000000e+00   2.9287269e-02
   3.0509320e-01   5.4210109e-20   2.2683249e-03
   2.2871799e-01   0.0000000e+00  -2.9507137e-02
   1.9772316e-01  -1.0842022e-19   2.7901688e-03
   2.3963418e-01   0.0000000e+00   2.9631181e-02
   3.0158900e-01   0.0000000e+00  -9.8135572e-03
   2.1659437e-01   0.0000000e+00  -2.8220854e-02
   1.9750569e-01   0.0000000e+00   9.3658172e-03
   2.5260666e-01   0.0000000e+00   2.9043944e-02
   2.9374459e-01   0.0000000e+00  -1.6237981e-02
   2.1060021e-01  -5.4210109e-20  -2.5232992e-02
   1.9998155e-01   0.0000000e+00   1.4316494e-02
   2.6550901e-01   0.0000000e+00   2.6375746e-02
   2.8012373e-01   1.0842022e-19  -2.1657929e-02
   2.0498039e-01  -1.0842022e-19  -1.9380693e-02
   2.0614653e-01   0.0000000e+00   2.0571246e-02
   2.8317802e-01   3.3881318e-21   2.0551593e-02
   2.6272900e-01   1.6940659e-21  -2.7086477e-02
   1.9926522e-01   0.0000000e+00  -1.3332341e-02
   2.1159328e-01   0.0000000e+00   2.5967066e-02
   2.9547714e-01   1.0842022e-19   1.5224222e-02
   2.5034734e-01   0.0000000e+00  -2.9251512e-02
   1.9743554e-01   0.0000000e+00  -8.2854219e-03
   2.1839215e-01   1.0842022e-19   2.8581276e-02
   3.0288782e-01   0.0000000e+00   7.8184111e-03
   2.3632429e-01   0.0000000e+00  -2.9591869e-02
   1.9787867e-01   0.0000000e+00  -1.0337562e-03
   2.3226854e-01   0.0000000e+00   2.9554040e-02
   3.0427145e-01   1.0842022e-19  -5.0463856e-03
   2.2097282e-01   0.0000000e+00  -2.8998239e-02
   1.9738254e-01   0.0000000e+00   6.7912483e-03
   2.4726515e-01  -1.3552527e-20   2.9488133e-02
   2.9766844e-01   0.0000000e+00  -1.3780571e-02
   2.1298104e-01   0.0000000e+00  -2.6890282e-02
   1.9837744e-01   5.4210109e-20   1.2006098e-02
   2.5899827e-01   2.7105054e-20   2.7980397e-02
   2.8742809e-01   0.0000000e+00  -1.9006889e-02
   2.0776311e-01  -5.4210109e-20  -2.2396870e-02
   2.0302113e-01   0.0000000e+00   1.7536193e-02
   2.7493685e-01   0.0000000e+00   2.3494654e-02
   2.7043782e-01   0.0000000e+00  -2.4965777e-02
   2.0145012e-01   0.0000000e+00  -1.6015281e-02
   2.0903605e-01   0.0000000e+00   2.3820412e-02
   2.9055168e-01   0.0000000e+00   1.7784288e-02
   2.5614544e-01   0.0000000e+00  -2.8564434e-02
   1.9783089e-01  -1.0842022e-19  -1.0926328e-02
   2.1426676e-01   0.0000000e+00   2.7538419e-02
   2.9935466e-01   1.3552527e-20   1.2401413e-02
   2.4446586e-01   0.0000000e+00  -2.9615313e-02
   1.9743339e-01   0.0000000e+00  -5.3727619e-03
   2.2358737e-01   0.0000000e+00   2.9277662e-02
   3.0507020e-01   0.0000000e+00   2.3909882e-03
   2.2886558e-01   5.4210109e-20  -2.9510311e-02
   1.9773133e-01   0.0000000e+00   2.7171554e-03
   2.3949783e-01  -5.4210109e-20   2.9629939e-02
   3.0164623e-01  -1.0842022e-19  -9.7354323e-03
   2.1666404e-01   0.0000000e+00  -2.8236657e-02
   1.9750120e-01   0.0000000e+00   9.3225916e-03
   2.5251488e-01  -1.3552527e-20   2.9053447e-02
   2.9381902e-01  -2.7105054e-20  -1.6197179e-02
   2.1064065e-01   0.0000000e+00  -2.5264719e-02
   1.9994990e-01   0.0000000e+00   1.4275409e-02
   2.6539209e-01  -1.0842022e-19   2.6406678e-02
   2.8024961e-01   0.0000000e+00  -2.1612279e-02
   2.0502859e-01   1.0842022e-19  -1.9428184e-02
   2.0610207e-01   0.0000000e+00   2.0523832e-02
   2.8306035e-01   0.0000000e+00   2.0594040e-02
   2.6283327e-01  -1.0842022e-19  -2.7060513e-02
   1.9929115e-01   0.0000000e+00  -1.3369599e-02
   2.1155504e-01   0.0000000e+00   2.5940148e-02
   2.9541307e-01   0.0000000e+00   1.5263756e-02
   2.5043448e-01   0.0000000e+00  -2.9244292e-02
   1.9743712e-01   0.0000000e+00  -8.3274384e-03
   2.1832035e-01   0.0000000e+00   2.8568428e-02
   3.0284163e-01   0.0000000e+00   7.8969383e-03
   2.3644838e-01  -6.7762636e-21  -2.9593455e-02
   1.9787479e-01  -1.0842022e-19  -1.0985746e-03
   2.3213845e-01   2.7105054e-20   2.9553065e-02
   3.0431029e-01  -2.7105054e-20  -4.9505226e-03
   2.2106475e-01   0.0000000e+00  -2.9010799e-02
   1.9738186e-01   5.4210109e-20   6.7395184e-03
   2.4715978e-01   0.0000000e+00   2.9494982e-02
   2.9773938e-01   0.0000000e+00  -1.3729843e-02
   2.1302932e-01   0.0000000e+00  -2.6919223e-02
   1.9835071e-01   0.0000000e+00   1.1962004e-02
   2.5887601e-01   0.0000000e+00   2.8007991e-02
   2.8756720e-01  -1.0842022e-19  -1.8955251e-02
   2.0781702e-01   0.0000000e+00  -2.2459485e-02
   2.0295184e-01   1.0842022e-19   1.7471561e-02
   2.7474739e-01   0.0000000e+00   2.3559334e-02
   2.7062271e-01  -1.0842022e-19  -2.4908583e-02
   2.0151076e-01   0.0000000e+00  -1.6077600e-02
   2.0898269e-01   0.0000000e+00   2.3764621e-02
   2.9042852e-01  -5.4210109e-20   1.7835990e-02
   2.5626455e-01   0.0000000e+00  -2.8543293e-02
   1.9784894e-01   0.0000000e+00  -1.0974421e-02
   2.1420393e-01   0.0000000e+00   2.7512733e-02
   2.9928063e-01   0.0000000e+00   1.2470413e-02
   2.4460295e-01  -1.3552527e-20  -2.9611829e-02
   1.9742747e-01   2.7105054e-20  -5.4442328e-03
   2.2345088e-01   0.0000000e+00   2.9266820e-02
   3.0504386e-01   0.0000000e+00   2.5255234e-03
   2.2902880e-01   2.7105054e-20  -2.9513660e-02
   1.9774016e-01   0.0000000e+00   2.6366300e-03
   2.3934751e-01   0.0000000e+00   2.9628527e-02
   3.0170768e-01   0.0000000e+00  -9.6488243e-03
   2.1674167e-01   0.0000000e+00  -2.8254008e-02
   1.9749641e-01   0.0000000e+00   9.2747289e-03
   2.5241290e-01  -1.0842022e-19   2.9063903e-02
   2.9390025e-01  -1.0842022e-19  -1.6152029e-02
   2.1068552e-01   0.0000000e+00  -2.5299698e-02
   1.9991515e-01   0.0000000e+00   1.4229997e-02
   2.6526308e-01   0.0000000e+00   2.6440775e-02
   2.8038982e-01   1.0842022e-19  -2.1561695e-02
   2.0508207e-01   0.0000000e+00  -1.9480975e-02
   2.0605231e-01  -6.7762636e-21   2.0471144e-02
   2.8293016e-01   0.0000000e+00   2.0641412e-02
   2.6295099e-01   0.0000000e+00  -2.7031411e-02
   1.9932022e-01  -5.4210109e-20  -1.3411313e-02
   2.1151222e-01   0.0000000e+00   2.5909953e-02
   2.9534124e-01  -1.0842022e-19   1.5308054e-02
   2.5053152e-01   0.0000000e+00  -2.9236214e-02
   1.9743901e-01   1.0842022e-19  -8.3746240e-03
   2.1824012e-01   0.0000000e+00   2.8553900e-02
   3.0278931e-01   0.0000000e+00   7.9852304e-03
   2.3658789e-01   0.0000000e+00  -2.9595320e-02
   1.9787025e-01   0.0000000e+00  -1.1719118e-03
   2.3199117e-01   0.0000000e+00   2.9551942e-02
   3.0435305e-01   5.4210109e-20  -4.8413664e-03
   2.2116956e-01   0.0000000e+00  -2.9024927e-02
   1.9738133e-01   0.0000000e+00   6.6806241e-03
   2.4703987e-01   0.0000000e+00   2.9502646e-02
   2.9781810e-01   0.0000000e+00  -1.3672095e-02
   2.1308438e-01   0.0000000e+00  -2.6951811e-02
   1.9832067e-01   0.0000000e+00   1.1912077e-02
   2.5873857e-01   0.0000000e+00   2.8038975e-02
   2.8772486e-01   0.0000000e+00  -1.8896796e-02
   2.0787812e-01  -1.0842022e-19  -2.2530333e-02
   2.0287342e-01   1.0842022e-19   1.7398255e-02
   2.7453247e-01   0.0000000e+00   2.3632591e-02
   2.7083283e-01   0.0000000e+00  -2.4843093e-02
   2.0158030e-01   0.0000000e+00  -1.6148544e-02
   2.0892209e-01  -2.7105054e-20   2.3700815e-02
   2.9028877e-01   1.0842022e-19   1.7894547e-02
   2.5640017e-01   0.0000000e+00  -2.8518910e-02
   1.9787002e-01   0.0000000e+00  -1.1028594e-02
   2.1413347e-01   0.0000000e+00   2.7483477e-02
   2.9919789e-01   0.0000000e+00   1.2547269e-02
   2.4475562e-01   1.0842022e-19  -2.9607676e-02
   1.9742121e-01   0.0000000e+00  -5.5238790e-03
   2.2329928e-01   0.0000000e+00   2.9254389e-02
   3.0501266e-01   0.0000000e+00   2.6755383e-03
   2.2921156e-01   1.0842022e-19  -2.9517265e-02
   1.9774940e-01   0.0000000e+00   2.5463021e-03
   2.3917896e-01   0.0000000e+00   2.9626894e-02
   3.0177684e-01   0.0000000e+00  -9.5510793e-03
   2.1682962e-01   0.0000000e+00  -2.8273357e-02
   1.9749140e-01   0.0000000e+00   9.2208263e-03
   2.5229829e-01   0.0000000e+00   2.9075536e-02
   2.9399241e-01   1.0842022e-19  -1.6101164e-02
   2.1073598e-01   0.0000000e+00  -2.5338837e-02
   1.9987635e-01  -5.4210109e-20   1.4179009e-02
   2.6511779e-01   0.0000000e+00   2.6478962e-02
   2.8054783e-01   0.0000000e+00  -2.1504804e-02
   2.0514231e-01   0.0000000e+00  -1.9540587e-02
   2.0599577e-01   0.0000000e+00   2.0411654e-02
   2.8278210e-01   2.7105054e-20   2.0695181e-02
   2.6308376e-01  -5.4210109e-20  -2.6998344e-02
   1.9935336e-01   0.0000000e+00  -1.3458741e-02
   2.1146367e-01   8.4703295e-22   2.5875560e-02
   2.9525968e-01   1.3552527e-20   1.5358382e-02
   2.5064253e-01  -5.4210109e-20  -2.9226974e-02
   1.9744121e-01   0.0000000e+00  -8.4283452e-03
   2.1814921e-01  -2.7105054e-20   2.8537239e-02
   3.0272985e-01   1.0842022e-19   8.0857934e-03
   2.3674763e-01   0.0000000e+00  -2.9597487e-02
   1.9786482e-01   1.0842022e-19  -1.2560246e-03
   2.3182117e-01   0.0000000e+00   2.9550672e-02
   3.0440182e-01   0.0000000e+00  -4.7152954e-03
   2.2129029e-01   1.0842022e-19  -2.9041028e-02
   1.9738089e-01   0.0000000e+00   6.6126480e-03
   2.4690234e-01   0.0000000e+00   2.9511239e-02
   2.9790910e-01  -1.0842022e-19  -1.3605423e-02
   2.1314755e-01   0.0000000e+00  -2.6988920e-02
   1.9828633e-01   0.0000000e+00   1.1854914e-02
   2.5858077e-01   0.0000000e+00   2.8074123e-02
   2.8790319e-01   0.0000000e+00  -1.8829995e-02
   2.0794808e-01   0.0000000e+00  -2.2611241e-02
   2.0278387e-01   1.0842022e-19   1.7314288e-02
   2.7428571e-01   0.0000000e+00   2.3716338e-02
   2.7107455e-01  -2.7105054e-20  -2.4767260e-02
   2.0166100e-01   0.0000000e+00  -1.6230138e-02
   2.0885257e-01   2.7105054e-20   2.3627032e-02
   2.9012766e-01  -1.0842022e-19   1.7961537e-02
   2.5655502e-01   0.0000000e+00  -2.8490496e-02
   1.9789505e-01   0.0000000e+00  -1.1090160e-02
   2.1405404e-01   0.0000000e+00   2.7449766e-02
   2.9910398e-01   0.0000000e+00   1.2633427e-02
   2.4492727e-01   0.0000000e+00  -2.9602621e-02
   1.9741463e-01  -5.4210109e-20  -5.6131703e-03
   2.2312941e-01   0.0000000e+00   2.9240027e-02
   3.0497531e-01   0.0000000e+00   2.8437734e-03
   2.2941766e-01   0.0000000e+00  -2.9521145e-02
   1.9775976e-01   0.0000000e+00   2.4443137e-03
   2.3898757e-01  -1.0842022e-19   2.9625017e-02
   3.0185498e-01   0.0000000e+00  -9.4399908e-03
   2.1692893e-01   0.0000000e+00  -2.8295134e-02
   1.9748592e-01   0.0000000e+00   9.1597300e-03
   2.5216916e-01   0.0000000e+00   2.9088509e-02
   2.9409470e-01  -5.4210109e-20  -1.6043590e-02
   2.1079306e-01   0.0000000e+00  -2.5382833e-02
   1.9983283e-01   0.0000000e+00   1.4121485e-02
   2.6495458e-01   0.0000000e+00   2.6521825e-02
   2.8072538e-01   0.0000000e+00  -2.1440555e-02
   2.0521035e-01  -1.0842022e-19  -1.9608227e-02
   2.0593122e-01   2.7105054e-20   2.0344163e-02
   2.8261302e-01   0.0000000e+00   2.0756503e-02
   2.6323612e-01   1.0842022e-19  -2.6960447e-02
   1.9939132e-01   0.0000000e+00  -1.3512932e-02
   2.1140766e-01   0.0000000e+00   2.5836217e-02
   2.9516541e-01   5.4210109e-20   1.5415801e-02
   2.5076945e-01   1.0842022e-19  -2.9216337e-02
   1.9744383e-01   0.0000000e+00  -8.4897015e-03
   2.1804513e-01   0.0000000e+00   2.8518103e-02
   3.0266147e-01   0.0000000e+00   8.2006211e-03
   2.3693139e-01  -5.4210109e-20  -2.9599984e-02
   1.9785778e-01   0.0000000e+00  -1.3528090e-03
   2.3162587e-01   0.0000000e+00   2.9549118e-02
   3.0445702e-01  -1.0842022e-19  -4.5691254e-03
   2.2143119e-01   0.0000000e+00  -2.9059262e-02
   1.9738075e-01   0.0000000e+00   6.5339230e-03
   2.4674305e-01   0.0000000e+00   2.9520869e-02
   2.9801347e-01   0.0000000e+00  -1.3528243e-02
   2.1322023e-01   1.0842022e-19  -2.7031092e-02
   1.9824771e-01   0.0000000e+00   1.1789414e-02
   2.5840129e-01   0.0000000e+00   2.8113838e-02
   2.8810647e-01   5.4210109e-20  -1.8753606e-02
   2.0802819e-01   1.0842022e-19  -2.2703511e-02
   2.0268173e-01   1.0842022e-19   1.7218162e-02
   2.7400265e-01   5.4210109e-20   2.3811935e-02
   2.7135293e-01   2.7105054e-20  -2.4679384e-02
   2.0175470e-01  -1.0842022e-19  -1.6323923e-02
   2.0877306e-01   0.0000000e+00   2.3541693e-02
   2.8994094e-01  -1.3552527e-20   1.8038110e-02
   2.5673291e-01   0.0000000e+00  -2.8457287e-02
   1.9792463e-01   1.0842022e-19  -1.1159983e-02
   2.1396528e-01   0.0000000e+00   2.7410868e-02
   2.9899619e-01   0.0000000e+00   1.2729622e-02
   2.4511993e-01  -2.7105054e-20  -2.9596432e-02
   1.9740791e-01   0.0000000e+00  -5.7127940e-03
   2.2294126e-01   5.4210109e-20   2.9223346e-02
   3.0493074e-01   0.0000000e+00   3.0314606e-03
   2.2964986e-01  -5.4210109e-20  -2.9525193e-02
   1.9777142e-01   0.0000000e+00   2.3296616e-03
   2.3877255e-01   0.0000000e+00   2.9622801e-02
   3.0194238e-01   1.0842022e-19  -9.3141976e-03
   2.1704159e-01   0.0000000e+00  -2.8319435e-02
