   2.1056981e-01   0.0000000e+00  -2.5208419e-02
   2.0000610e-01   0.0000000e+00   1.4348067e-02
   2.6559951e-01   3.3881318e-21   2.6351750e-02
   2.8002577e-01   0.0000000e+00  -2.1693086e-02
   2.0494259e-01   5.4210109e-20  -1.9344182e-02
   2.0618037e-01  -5.4210109e-20   2.0607750e-02
   2.8326749e-01   0.0000000e+00   2.0518954e-02
   2.6264801e-01  -1.0842022e-19  -2.7106353e-02
   1.9924585e-01   0.0000000e+00  -1.3303573e-02
   2.1162346e-01   1.0842022e-19   2.5987669e-02
   2.9552613e-01   0.0000000e+00   1.5193493e-02
   2.5028006e-01   0.0000000e+00  -2.9256984e-02
   1.9743432e-01   0.0000000e+00  -8.2526792e-03
   2.1844761e-01   0.0000000e+00   2.8591249e-02
   3.0292287e-01   0.0000000e+00   7.7570051e-03
   2.3622801e-01   1.0842022e-19  -2.9590561e-02
   1.9788219e-01   1.0842022e-19  -9.8324122e-04
   2.3237063e-01   0.0000000e+00   2.9554695e-02
   3.0424046e-01   1.0842022e-19  -5.1208225e-03
   2.2090229e-01   0.0000000e+00  -2.8988213e-02
   1.9738372e-01   0.0000000e+00   6.8315078e-03
   2.4734729e-01   0.0000000e+00   2.9482613e-02
   2.9761285e-01   5.4210109e-20  -1.3820174e-02
   2.1294370e-01   1.0842022e-19  -2.6867220e-02
   1.9839904e-01   0.0000000e+00   1.2040876e-02
   2.5909497e-01  -1.0842022e-19   2.7958355e-02
   2.8731782e-01   2.7105054e-20  -1.9047758e-02
   2.0772051e-01   0.0000000e+00  -2.2347108e-02
   2.0307676e-01  -1.0842022e-19   1.7587336e-02
   2.7508659e-01   0.0000000e+00   2.3443263e-02
   2.7029193e-01   0.0000000e+00  -2.5010722e-02
   2.0140237e-01   2.7105054e-20  -1.5965932e-02
   2.0907826e-01  -5.4210109e-20   2.3864411e-02
   2.9064793e-01   0.0000000e+00   1.7743081e-02
   2.5605011e-01   0.0000000e+00  -2.8580977e-02
   1.9781662e-01   0.0000000e+00  -1.0887690e-02
   2.1431823e-01  -1.0842022e-19   2.7558713e-02
   2.9941375e-01   0.0000000e+00   1.2345196e-02
   2.4435506e-01   1.0842022e-19  -2.9617866e-02
   1.9743816e-01  -5.4210109e-20  -5.3144570e-03
   2.2369979e-01   0.0000000e+00   2.9286174e-02
   3.0509072e-01   0.0000000e+00   2.2811486e-03
   2.2873375e-01   0.0000000e+00  -2.9507374e-02
   1.9772415e-01   0.0000000e+00   2.7826306e-03
   2.3962070e-01   0.0000000e+00   2.9630965e-02
   3.0159499e-01   0.0000000e+00  -9.8056051e-03
   2.1660148e-01   0.0000000e+00  -2.8222318e-02
   1.9750505e-01   0.0000000e+00   9.3615826e-03
   2.5259802e-01  -1.0842022e-19   2.9044728e-02
   2.9375187e-01   1.0842022e-19  -1.6234090e-02
   2.1060415e-01   1.0842022e-19  -2.5235738e-02
   1.9997929e-01   0.0000000e+00   1.4312772e-02
   2.6549867e-01   0.0000000e+00   2.6378359e-02
   2.8013412e-01   0.0000000e+00  -2.1653948e-02
   2.0498408e-01   0.0000000e+00  -1.9384711e-02
   2.0614258e-01   0.0000000e+00   2.0567252e-02
   2.8316779e-01   0.0000000e+00   2.0555036e-02
   2.6273703e-01   0.0000000e+00  -2.7084290e-02
   1.9926793e-01   0.0000000e+00  -1.3335194e-02
   2.1159063e-01  -1.0842022e-19   2.5964869e-02
   2.9547269e-01   6.7762636e-21   1.5227009e-02
   2.5035332e-01   0.0000000e+00  -2.9250881e-02
   1.9743610e-01  -6.7762636e-21  -8.2882240e-03
   2.1838736e-01   0.0000000e+00   2.8580342e-02
   3.0288485e-01   0.0000000e+00   7.8234035e-03
   2.3633205e-01   0.0000000e+00  -2.9591890e-02
   1.9787911e-01  -1.0842022e-19  -1.0377670e-03
   2.3226083e-01   0.0000000e+00   2.9553891e-02
   3.0427396e-01  -1.3552527e-20  -5.0405998e-03
   2.2097849e-01   1.0842022e-19  -2.8998881e-02
   1.9738296e-01  -1.0842022e-19   6.7882286e-03
   2.4725898e-01  -5.4210109e-20   2.9488428e-02
   2.9767261e-01   1.0842022e-19  -1.3777749e-02
   2.1298377e-01   1.0842022e-19  -2.6891668e-02
   1.9837611e-01   0.0000000e+00   1.2003861e-02
   2.5899203e-01   0.0000000e+00   2.7981659e-02
   2.8743453e-01   0.0000000e+00  -1.9004386e-02
   2.0776584e-01   1.0842022e-19  -2.2399719e-02
   2.0301846e-01  -1.0842022e-19   1.7533141e-02
   2.7492788e-01  -5.4210109e-20   2.3497563e-02
   2.7044645e-01   1.0842022e-19  -2.4963139e-02
   2.0145300e-01   0.0000000e+00  -1.6018008e-02
   2.0903354e-01   5.4210109e-20   2.3817952e-02
   2.9054572e-01   0.0000000e+00   1.7786453e-02
   2.5615007e-01   0.0000000e+00  -2.8563483e-02
   1.9783183e-01  -2.7105054e-20  -1.0928215e-02
   2.1426437e-01   0.0000000e+00   2.7537344e-02
   2.9935124e-01   5.4210109e-20   1.2403918e-02
   2.4447083e-01   0.0000000e+00  -2.9615111e-02
   1.9743304e-01   5.4210109e-20  -5.3752564e-03
   2.2358293e-01   2.1684043e-19   2.9277211e-02
   3.0506972e-01  -1.0842022e-19   2.3955157e-03
   2.2887112e-01  -1.0842022e-19  -2.9510358e-02
   1.9773148e-01  -2.7105054e-20   2.7145258e-03
   2.3949316e-01   0.0000000e+00   2.9629822e-02
   3.0164751e-01  -2.7105054e-20  -9.7327087e-03
   2.1666671e-01  -1.0842022e-19  -2.8237052e-02
   1.9750128e-01  -1.3552527e-20   9.3212071e-03
   2.5251196e-01   5.4210109e-20   2.9053629e-02
   2.9382042e-01  -5.4210109e-20  -1.6196024e-02
   2.1064181e-01   0.0000000e+00  -2.5265408e-02
   1.9994977e-01   0.0000000e+00   1.4274392e-02
   2.6538994e-01   0.0000000e+00   2.6407244e-02
   2.8025210e-01   1.0842022e-19  -2.1611278e-02
   2.0502940e-01   0.0000000e+00  -1.9429089e-02
   2.0610094e-01   0.0000000e+00   2.0522934e-02
   2.8305832e-01   0.0000000e+00   2.0594718e-02
   2.6283509e-01   0.0000000e+00  -2.7059990e-02
   1.9929186e-01   0.0000000e+00  -1.3370084e-02
   2.1155459e-01   0.0000000e+00   2.5939705e-02
   2.9541208e-01   0.0000000e+00   1.5264056e-02
   2.5043482e-01   0.0000000e+00  -2.9244134e-02
   1.9743777e-01   0.0000000e+00  -8.3275893e-03
   2.1832069e-01   0.0000000e+00   2.8568243e-02
   3.0284111e-01   0.0000000e+00   7.8970293e-03
   2.3644807e-01   5.4210109e-20  -2.9593401e-02
   1.9787545e-01   0.0000000e+00  -1.0985537e-03
   2.3213850e-01   0.0000000e+00   2.9553005e-02
   3.0430951e-01   0.0000000e+00  -4.9506681e-03
   2.2106436e-01   0.0000000e+00  -2.9010702e-02
   1.9738217e-01   0.0000000e+00   6.7396916e-03
   2.4716056e-01   0.0000000e+00   2.9494849e-02
   2.9773812e-01   5.4210109e-20  -1.3730153e-02
   2.1302884e-01   0.0000000e+00  -2.6918882e-02
   1.9835083e-01   5.4210109e-20   1.1962469e-02
   2.5887771e-01  -1.0842022e-19   2.8007569e-02
   2.8756584e-01   0.0000000e+00  -1.8955860e-02
   2.0781658e-01  -1.0842022e-19  -2.2458553e-02
   2.0295334e-01   0.0000000e+00   1.7472412e-02
   2.7475015e-01   0.0000000e+00   2.3558338e-02
   2.7061964e-01  -2.7105054e-20  -2.4909417e-02
   2.0151013e-01   0.0000000e+00  -1.6076570e-02
   2.0898332e-01   0.0000000e+00   2.3765509e-02
   2.9043053e-01   0.0000000e+00   1.7835047e-02
   2.5626263e-01  -1.0842022e-19  -2.8543585e-02
   1.9784926e-01   0.0000000e+00  -1.0973405e-02
   2.1420498e-01  -5.4210109e-20   2.7513230e-02
   2.9928235e-01   0.0000000e+00   1.2468817e-02
   2.4459946e-01  -5.4210109e-20  -2.9611854e-02
   1.9742750e-01  -5.4210109e-20  -5.4424946e-03
   2.2345411e-01  -5.4210109e-20   2.9267053e-02
   3.0504539e-01   0.0000000e+00   2.5220959e-03
   2.2902433e-01  -5.4210109e-20  -2.9513538e-02
   1.9773961e-01   0.0000000e+00   2.6387545e-03
   2.3935143e-01  -5.4210109e-20   2.9628517e-02
   3.0170563e-01   1.0842022e-19  -9.6511903e-03
   2.1673944e-01   0.0000000e+00  -2.8253426e-02
   1.9749718e-01   0.0000000e+00   9.2761246e-03
   2.5241644e-01  -1.6940659e-21   2.9063459e-02
   2.9389773e-01   0.0000000e+00  -1.6153474e-02
   2.1068384e-01   0.0000000e+00  -2.5298391e-02
   1.9991678e-01   0.0000000e+00   1.4231617e-02
   2.6526766e-01  -5.4210109e-20   2.6439419e-02
   2.8038479e-01   0.0000000e+00  -2.1563587e-02
   2.0507991e-01   0.0000000e+00  -1.9478842e-02
   2.0605403e-01   0.0000000e+00   2.0473269e-02
   2.8293558e-01  -1.3552527e-20   2.0639384e-02
   2.6294560e-01   0.0000000e+00  -2.7032584e-02
   1.9931906e-01   0.0000000e+00  -1.3409444e-02
   2.1151405e-01   5.4210109e-20   2.5911266e-02
   2.9534522e-01  -2.1684043e-19   1.5305842e-02
   2.5052690e-01   0.0000000e+00  -2.9236510e-02
   1.9743942e-01  -1.0842022e-19  -8.3721422e-03
   2.1824448e-01   0.0000000e+00   2.8554581e-02
   3.0279248e-01  -1.0842022e-19   7.9804006e-03
   2.3658039e-01   0.0000000e+00  -2.9595147e-02
   1.9787087e-01   6.7762636e-21  -1.1678091e-03
   2.3199926e-01   2.7105054e-20   2.9551964e-02
   3.0435050e-01   0.0000000e+00  -4.8475889e-03
   2.2116336e-01   2.7105054e-20  -2.9024053e-02
   1.9738156e-01  -1.0842022e-19   6.6840681e-03
   2.4704712e-01   0.0000000e+00   2.9502108e-02
   2.9781326e-01   0.0000000e+00  -1.3675574e-02
   2.1308065e-01  -5.4210109e-20  -2.6949735e-02
   1.9832227e-01   0.0000000e+00   1.1915269e-02
   2.5874717e-01   0.0000000e+00   2.8036907e-02
   2.8771390e-01   0.0000000e+00  -1.8900612e-02
   2.0787443e-01   1.0842022e-19  -2.2525562e-02
   2.0287913e-01  -1.0842022e-19   1.7403080e-02
   2.7454707e-01   0.0000000e+00   2.3627629e-02
   2.7081823e-01  -5.4210109e-20  -2.4847502e-02
   2.0157584e-01   0.0000000e+00  -1.6143681e-02
   2.0892603e-01   0.0000000e+00   2.3705168e-02
   2.9029899e-01  -2.1684043e-19   1.7890440e-02
   2.5639047e-01  -5.4210109e-20  -2.8520565e-02
   1.9786903e-01  -1.0842022e-19  -1.1024713e-02
   2.1413845e-01  -2.7105054e-20   2.7485520e-02
   2.9920450e-01   0.0000000e+00   1.2541635e-02
   2.4474455e-01   0.0000000e+00  -2.9607917e-02
   1.9742168e-01   1.0842022e-19  -5.5179802e-03
   2.2331049e-01   0.0000000e+00   2.9255287e-02
   3.0501530e-01   0.0000000e+00   2.6642921e-03
   2.2919784e-01   0.0000000e+00  -2.9516946e-02
   1.9774850e-01   5.4210109e-20   2.5531506e-03
   2.3919143e-01  -5.4210109e-20   2.9626980e-02
   3.0177184e-01   0.0000000e+00  -9.5585729e-03
   2.1682250e-01   0.0000000e+00  -2.8271809e-02
   1.9749231e-01   1.0842022e-19   9.2250354e-03
   2.5230746e-01   0.0000000e+00   2.9074523e-02
   2.9398433e-01   0.0000000e+00  -1.6105271e-02
   2.1073157e-01   0.0000000e+00  -2.5335554e-02
   1.9987982e-01  -1.0842022e-19   1.4183259e-02
   2.6513027e-01   1.0842022e-19   2.6475641e-02
   2.8053373e-01   0.0000000e+00  -2.1509660e-02
   2.0513696e-01   0.0000000e+00  -1.9535408e-02
   2.0600040e-01   5.4210109e-20   2.0416837e-02
   2.8279470e-01   0.0000000e+00   2.0690410e-02
   2.6307196e-01   0.0000000e+00  -2.7001214e-02
   1.9935036e-01  -1.0842022e-19  -1.3454449e-02
   2.1146772e-01   0.0000000e+00   2.5878666e-02
   2.9526669e-01   5.4210109e-20   1.5353654e-02
   2.5063189e-01   0.0000000e+00  -2.9227766e-02
   1.9744139e-01  -1.0842022e-19  -8.4231622e-03
   2.1815782e-01   5.4210109e-20   2.8538809e-02
   3.0273595e-01  -1.3552527e-20   8.0759185e-03
   2.3673218e-01   1.0842022e-19  -2.9597209e-02
   1.9786528e-01   0.0000000e+00  -1.2476771e-03
   2.3183856e-01   1.0842022e-19   2.9550724e-02
   3.0439752e-01   0.0000000e+00  -4.7279356e-03
   2.2127847e-01   0.0000000e+00  -2.9039317e-02
   1.9738113e-01   0.0000000e+00   6.6195362e-03
   2.4691618e-01   5.4210109e-20   2.9510308e-02
   2.9790006e-01   0.0000000e+00  -1.3612264e-02
   2.1314081e-01   0.0000000e+00  -2.6985020e-02
   1.9828984e-01   0.0000000e+00   1.1860919e-02
   2.5859748e-01   0.0000000e+00   2.8070353e-02
   2.8788391e-01   0.0000000e+00  -1.8837066e-02
   2.0794112e-01   0.0000000e+00  -2.2602516e-02
   2.0279399e-01   0.0000000e+00   1.7323225e-02
   2.7431260e-01  -1.0842022e-19   2.3707290e-02
   2.7104816e-01   0.0000000e+00  -2.4775447e-02
   2.0165242e-01  -1.3552527e-20  -1.6221272e-02
   2.0886004e-01  -5.4210109e-20   2.3635050e-02
   2.9014492e-01   0.0000000e+00   1.7954199e-02
   2.5653829e-01  -1.0842022e-19  -2.8493564e-02
   1.9789263e-01  -1.0842022e-19  -1.1083346e-02
   2.1406327e-01  -1.0842022e-19   2.7453418e-02
   2.9911383e-01   0.0000000e+00   1.2623829e-02
   2.4490818e-01  -1.0842022e-19  -2.9603147e-02
   1.9741543e-01   0.0000000e+00  -5.6031429e-03
   2.2314881e-01   0.0000000e+00   2.9241603e-02
   3.0497988e-01   0.0000000e+00   2.8247665e-03
   2.2939448e-01   1.0842022e-19  -2.9520655e-02
   1.9775862e-01   0.0000000e+00   2.4559193e-03
   2.3900969e-01   0.0000000e+00   2.9625173e-02
   3.0184678e-01   0.0000000e+00  -9.4527282e-03
   2.1691773e-01   0.0000000e+00  -2.8292540e-02
   1.9748697e-01   0.0000000e+00   9.1668002e-03
   2.5218401e-01   0.0000000e+00   2.9086928e-02
   2.9408233e-01   0.0000000e+00  -1.6050365e-02
   2.1078594e-01   0.0000000e+00  -2.5377574e-02
   1.9983820e-01   0.0000000e+00   1.4128371e-02
   2.6497421e-01   2.7105054e-20   2.6516594e-02
   2.8070357e-01   0.0000000e+00  -2.1448328e-02
   2.0520175e-01   2.7105054e-20  -1.9599962e-02
   2.0593890e-01   5.4210109e-20   2.0352437e-02
   2.8263401e-01  -1.0842022e-19   2.0748881e-02
   2.6321739e-01  -1.3552527e-20  -2.6965084e-02
   1.9938648e-01  -5.4210109e-20  -1.3506144e-02
   2.1141469e-01   2.7105054e-20   2.5841121e-02
   2.9517756e-01   1.0842022e-19   1.5408441e-02
   2.5075308e-01   0.0000000e+00  -2.9217640e-02
   1.9744375e-01   0.0000000e+00  -8.4817287e-03
   2.1805878e-01   0.0000000e+00   2.8520531e-02
   3.0266955e-01   0.0000000e+00   8.1855605e-03
   2.3690722e-01   0.0000000e+00  -2.9599602e-02
   1.9785845e-01   0.0000000e+00  -1.3400105e-03
   2.3165189e-01   0.0000000e+00   2.9549281e-02
   3.0445065e-01   0.0000000e+00  -4.5886012e-03
   2.2141237e-01   0.0000000e+00  -2.9056795e-02
   1.9738104e-01  -1.0842022e-19   6.5444690e-03
   2.4676475e-01   0.0000000e+00   2.9519518e-02
   2.9799860e-01  -5.4210109e-20  -1.3538670e-02
   2.1321064e-01   6.7762636e-21  -2.7025300e-02
   1.9825302e-01   1.3552527e-20   1.1798335e-02
   2.5842601e-01   0.0000000e+00   2.8108371e-02
   2.8807874e-01   0.0000000e+00  -1.8764054e-02
   2.0801715e-01   2.7105054e-20  -2.2690798e-02
   2.0269580e-01   0.0000000e+00   1.7231411e-02
   2.7404213e-01  -1.0842022e-19   2.3798699e-02
   2.7131398e-01   0.0000000e+00  -2.4691590e-02
   2.0174148e-01   0.0000000e+00  -1.6310900e-02
   2.0878413e-01   1.0842022e-19   2.3553570e-02
   2.8996645e-01   0.0000000e+00   1.8027429e-02
   2.5670763e-01   5.4210109e-20  -2.8461931e-02
   1.9792066e-01   0.0000000e+00  -1.1150184e-02
   2.1397798e-01   0.0000000e+00   2.7416294e-02
   2.9901077e-01   0.0000000e+00   1.2716112e-02
   2.4509261e-01   0.0000000e+00  -2.9597295e-02
   1.9740906e-01  -1.0842022e-19  -5.6987243e-03
   2.2296777e-01   0.0000000e+00   2.9225708e-02
   3.0493787e-01   0.0000000e+00   3.0048675e-03
   2.2961669e-01  -1.0842022e-19  -2.9524608e-02
   1.9777009e-01   0.0000000e+00   2.3459995e-03
   2.3880349e-01   0.0000000e+00   2.9623071e-02
   3.0192993e-01   0.0000000e+00  -9.3322478e-03
   2.1702565e-01   0.0000000e+00  -2.8315870e-02
   1.9748133e-01   0.0000000e+00   9.1007111e-03
   2.5204434e-01   1.0842022e-19   2.9100764e-02
   2.9419344e-01  -1.0842022e-19  -1.5988106e-02
   2.1084738e-01  -2.7105054e-20  -2.5424760e-02
   1.9979154e-01   0.0000000e+00   1.4066450e-02
   2.6479810e-01   0.0000000e+00   2.6562547e-02
   2.8089568e-01   1.0842022e-19  -2.1379029e-02
   2.0527487e-01  -5.4210109e-20  -1.9673192e-02
   2.0586875e-01   0.0000000e+00   2.0279375e-02
   2.8245092e-01   6.7762636e-21   2.0815530e-02
   2.6338277e-01   0.0000000e+00  -2.6923721e-02
   1.9942787e-01   0.0000000e+00  -1.3565165e-02
   2.1135421e-01   6.7762636e-21   2.5798096e-02
   2.9507522e-01   0.0000000e+00   1.5470809e-02
   2.5089096e-01   0.0000000e+00  -2.9205980e-02
   1.9744666e-01   1.0842022e-19  -8.5484578e-03
   2.1794584e-01   0.0000000e+00   2.8499552e-02
   3.0259356e-01   0.0000000e+00   8.3103824e-03
   2.3710805e-01   0.0000000e+00  -2.9602336e-02
   1.9785045e-01   0.0000000e+00  -1.4459707e-03
   2.3143783e-01   5.4210109e-20   2.9547479e-02
   3.0450976e-01  -1.0842022e-19  -4.4274008e-03
   2.2156814e-01   0.0000000e+00  -2.9076468e-02
   1.9738142e-01   0.0000000e+00   6.4577488e-03
   2.4658964e-01   0.0000000e+00   2.9529747e-02
   2.9811118e-01   0.0000000e+00  -1.3453737e-02
   2.1329077e-01   0.0000000e+00  -2.7070788e-02
