   2.1166708e-01  -5.4210109e-20   2.6020846e-02
   2.9560204e-01   0.0000000e+00   1.5148487e-02
   2.5018175e-01   0.0000000e+00  -2.9266332e-02
   1.9743012e-01   0.0000000e+00  -8.2065901e-03
   2.1852447e-01  -6.7762636e-21   2.8606173e-02
   3.0297281e-01   0.0000000e+00   7.6734802e-03
   2.3609742e-01   0.0000000e+00  -2.9589746e-02
   1.9788408e-01  -2.7105054e-20  -9.1598286e-04
   2.3250356e-01  -1.0842022e-19   2.9556466e-02
   3.0420159e-01   0.0000000e+00  -5.2179881e-03
   2.2080939e-01   0.0000000e+00  -2.8976325e-02
   1.9738250e-01   0.0000000e+00   6.8828503e-03
   2.4744976e-01   0.0000000e+00   2.9476763e-02
   2.9754690e-01   5.4210109e-20  -1.3869186e-02
   2.1289709e-01  -5.4210109e-20  -2.6840871e-02
   1.9842293e-01   0.0000000e+00   1.2081885e-02
   2.5920608e-01   0.0000000e+00   2.7933859e-02
   2.8719345e-01   0.0000000e+00  -1.9094697e-02
   2.0767177e-01   0.0000000e+00  -2.2291870e-02
   2.0313637e-01   0.0000000e+00   1.7644729e-02
   2.7525213e-01   0.0000000e+00   2.3386965e-02
   2.7013247e-01   1.0842022e-19  -2.5060334e-02
   2.0134943e-01   0.0000000e+00  -1.5912602e-02
   2.0912347e-01   1.0842022e-19   2.3912316e-02
   2.9075153e-01   0.0000000e+00   1.7699677e-02
   2.5595001e-01   0.0000000e+00  -2.8599113e-02
   1.9780069e-01   0.0000000e+00  -1.0848011e-02
   2.1436932e-01   0.0000000e+00   2.7580221e-02
   2.9947353e-01   0.0000000e+00   1.2289329e-02
   2.4424474e-01   0.0000000e+00  -2.9621090e-02
   1.9744220e-01  -1.0842022e-19  -5.2575645e-03
   2.2380754e-01  -1.0842022e-19   2.9294976e-02
   3.0511071e-01  -1.0842022e-19   2.1755849e-03
   2.2860681e-01   0.0000000e+00  -2.9505184e-02
   1.9771590e-01   0.0000000e+00   2.8445738e-03
   2.3973450e-01   0.0000000e+00   2.9632656e-02
   3.0154892e-01   0.0000000e+00  -9.8707626e-03
   2.1654315e-01   0.0000000e+00  -2.8210291e-02
   1.9750676e-01   0.0000000e+00   9.3965045e-03
   2.5267002e-01  -5.4210109e-20   2.9038243e-02
   2.9369635e-01   0.0000000e+00  -1.6265841e-02
   2.1057299e-01  -2.7105054e-20  -2.5213067e-02
   2.0000020e-01   0.0000000e+00   1.4343058e-02
   2.6558251e-01   0.0000000e+00   2.6357002e-02
   2.8004624e-01   0.0000000e+00  -2.1686624e-02
   2.0494941e-01   0.0000000e+00  -1.9352336e-02
   2.0617205e-01   0.0000000e+00   2.0600188e-02
   2.8324760e-01   6.7762636e-21   2.0527156e-02
   2.6266870e-01   1.6940659e-21  -2.7102240e-02
   1.9924908e-01  -5.4210109e-20  -1.3311755e-02
   2.1161305e-01   0.0000000e+00   2.5982647e-02
   2.9551202e-01   1.0842022e-19   1.5204245e-02
   2.5030400e-01  -2.7105054e-20  -2.9256062e-02
   1.9743289e-01   0.0000000e+00  -8.2654610e-03
   2.1842425e-01   0.0000000e+00   2.8588138e-02
   3.0290984e-01   0.0000000e+00   7.7830897e-03
   2.3626920e-01   0.0000000e+00  -2.9591788e-02
   1.9787920e-01   0.0000000e+00  -1.0054681e-03
   2.3232422e-01  -5.4210109e-20   2.9555042e-02
   3.0425613e-01   0.0000000e+00  -5.0870622e-03
   2.2093421e-01   5.4210109e-20  -2.8993684e-02
   1.9738158e-01   0.0000000e+00   6.8123276e-03
   2.4730666e-01   0.0000000e+00   2.9486188e-02
   2.9764308e-01   0.0000000e+00  -1.3800252e-02
   2.1296271e-01  -2.7105054e-20  -2.6880589e-02
   1.9838599e-01   0.0000000e+00   1.2021714e-02
   2.5903966e-01   0.0000000e+00   2.7971717e-02
   2.8738309e-01   0.0000000e+00  -1.9024302e-02
   2.0774509e-01   0.0000000e+00  -2.2377078e-02
   2.0304233e-01   0.0000000e+00   1.7557010e-02
   2.7499641e-01  -2.7105054e-20   2.3474720e-02
   2.7038103e-01   0.0000000e+00  -2.4983834e-02
   2.0143058e-01   0.0000000e+00  -1.5996540e-02
   2.0905141e-01   0.0000000e+00   2.3837590e-02
   2.9058809e-01   0.0000000e+00   1.7769604e-02
   2.5611180e-01   0.0000000e+00  -2.8571048e-02
   1.9782450e-01   0.0000000e+00  -1.0913485e-02
   2.1428262e-01   0.0000000e+00   2.7545793e-02
   2.9937420e-01   0.0000000e+00   1.2384513e-02
   2.4443275e-01   0.0000000e+00  -2.9616701e-02
   1.9743417e-01   0.0000000e+00  -5.3560031e-03
   2.2361851e-01   0.0000000e+00   2.9280609e-02
   3.0507683e-01  -1.0842022e-19   2.3605741e-03
   2.2882909e-01   0.0000000e+00  -2.9509996e-02
   1.9772824e-01   1.0842022e-19   2.7347886e-03
   2.3952984e-01   0.0000000e+00   2.9630751e-02
   3.0163419e-01   1.0842022e-19  -9.7536466e-03
   2.1664788e-01   5.4210109e-20  -2.8233959e-02
   1.9750044e-01   0.0000000e+00   9.3317180e-03
   2.5253257e-01   1.0842022e-19   2.9052448e-02
   2.9380771e-01   0.0000000e+00  -1.6204800e-02
   2.1063353e-01   2.7105054e-20  -2.5260490e-02
   1.9995319e-01   0.0000000e+00   1.4281637e-02
   2.6540784e-01   0.0000000e+00   2.6403176e-02
   2.8023440e-01   0.0000000e+00  -2.1618485e-02
   2.0502173e-01   0.0000000e+00  -1.9422964e-02
   2.0610609e-01   0.0000000e+00   2.0529590e-02
   2.8307329e-01   0.0000000e+00   2.0590100e-02
   2.6282363e-01   0.0000000e+00  -2.7063655e-02
   1.9928772e-01  -5.4210109e-20  -1.3366895e-02
   2.1155660e-01   2.7105054e-20   2.5942727e-02
   2.9541760e-01   0.0000000e+00   1.5262566e-02
   2.5043203e-01   0.0000000e+00  -2.9245338e-02
   1.9743562e-01   1.0842022e-19  -8.3272784e-03
   2.1831915e-01   1.0842022e-19   2.8569129e-02
   3.0284245e-01  -1.3552527e-20   7.8984147e-03
   2.3645082e-01   1.0842022e-19  -2.9594050e-02
   1.9787364e-01   1.0842022e-19  -1.1004604e-03
   2.3213381e-01   0.0000000e+00   2.9553537e-02
   3.0431317e-01   0.0000000e+00  -4.9468433e-03
   2.2106868e-01   1.3552527e-20  -2.9011980e-02
   1.9738077e-01   0.0000000e+00   6.7367693e-03
   2.4715255e-01   0.0000000e+00   2.9496137e-02
   2.9774606e-01   0.0000000e+00  -1.3726283e-02
   2.1303310e-01   1.3552527e-20  -2.6922665e-02
   1.9834701e-01   2.1175824e-22   1.1957551e-02
   2.5886196e-01   5.4210109e-20   2.8011786e-02
   2.8758500e-01   0.0000000e+00  -1.8949241e-02
   2.0782340e-01   0.0000000e+00  -2.2467971e-02
   2.0294191e-01   0.0000000e+00   1.7463171e-02
   2.7472206e-01   0.0000000e+00   2.3568518e-02
   2.7064847e-01  -1.0842022e-19  -2.4900911e-02
   2.0151862e-01   0.0000000e+00  -1.6086828e-02
   2.0897430e-01   0.0000000e+00   2.3756706e-02
   2.9041052e-01   0.0000000e+00   1.7844402e-02
   2.5628421e-01   0.0000000e+00  -2.8540409e-02
   1.9785095e-01   0.0000000e+00  -1.0982998e-02
   2.1419168e-01   0.0000000e+00   2.7508641e-02
   2.9926761e-01   0.0000000e+00   1.2484128e-02
   2.4463060e-01  -1.0842022e-19  -2.9611628e-02
   1.9742564e-01   2.7105054e-20  -5.4591258e-03
   2.2342181e-01   0.0000000e+00   2.9264920e-02
   3.0503845e-01   0.0000000e+00   2.5545753e-03
   2.2906442e-01   3.3881318e-21  -2.9514773e-02
   1.9774134e-01   0.0000000e+00   2.6187180e-03
   2.3931332e-01   0.0000000e+00   2.9628660e-02
   3.0172378e-01   3.3881318e-21  -9.6288622e-03
   2.1675983e-01   0.0000000e+00  -2.8258830e-02
   1.9749401e-01   0.0000000e+00   9.2628583e-03
   2.5238583e-01   0.0000000e+00   2.9067387e-02
   2.9392415e-01  -5.4210109e-20  -1.6139951e-02
   2.1069785e-01   0.0000000e+00  -2.5310542e-02
   1.9990363e-01   5.4210109e-20   1.4216564e-02
   2.6522322e-01  -1.0842022e-19   2.6451904e-02
   2.8043461e-01   0.0000000e+00  -2.1546081e-02
   2.0509846e-01   0.0000000e+00  -1.9498428e-02
   2.0603519e-01   0.0000000e+00   2.0454168e-02
   2.8288650e-01   0.0000000e+00   2.0657810e-02
   2.6299127e-01  -1.0842022e-19  -2.7022007e-02
   1.9932939e-01   5.4210109e-20  -1.3426422e-02
   2.1149561e-01   0.0000000e+00   2.5899566e-02
   2.9531470e-01   0.0000000e+00   1.5325580e-02
   2.5057036e-01  -5.4210109e-20  -2.9233734e-02
   1.9743861e-01  -1.0842022e-19  -8.3942804e-03
   2.1820556e-01  -5.4210109e-20   2.8548386e-02
   3.0276801e-01   2.7105054e-20   8.0235918e-03
   2.3664881e-01   0.0000000e+00  -2.9596642e-02
   1.9786734e-01   0.0000000e+00  -1.2045105e-03
   2.3192426e-01  -1.0842022e-19   2.9551914e-02
   3.0437430e-01   0.0000000e+00  -4.7918414e-03
   2.2121705e-01   0.0000000e+00  -2.9031921e-02
   1.9738013e-01   0.0000000e+00   6.6532581e-03
   2.4698310e-01  -5.4210109e-20   2.9506816e-02
   2.9785789e-01   0.0000000e+00  -1.3644494e-02
   2.1311092e-01   0.0000000e+00  -2.6968477e-02
   1.9830454e-01   1.0842022e-19   1.1887187e-02
   2.5866806e-01  -1.0842022e-19   2.8055231e-02
   2.8780558e-01  -1.0842022e-19  -1.8866986e-02
   2.0790941e-01  -1.0842022e-19  -2.2567519e-02
   2.0283181e-01  -1.0842022e-19   1.7360032e-02
   2.7441969e-01  -6.7762636e-21   2.3671413e-02
   2.7094431e-01   0.0000000e+00  -2.4808486e-02
   2.0161701e-01   0.0000000e+00  -1.6186603e-02
   2.0888903e-01   0.0000000e+00   2.3666778e-02
   2.9021335e-01   0.0000000e+00   1.7926536e-02
   2.5647442e-01   1.0842022e-19  -2.8505933e-02
   1.9788101e-01   1.0842022e-19  -1.1058704e-02
   2.1409341e-01  -1.0842022e-19   2.7467518e-02
   2.9915142e-01  -5.4210109e-20   1.2590881e-02
   2.4484255e-01   0.0000000e+00  -2.9605636e-02
   1.9741704e-01   0.0000000e+00  -5.5696881e-03
   2.2321113e-01   0.0000000e+00   2.9247459e-02
   3.0499412e-01   5.4210109e-20   2.7627405e-03
   2.2931823e-01   1.0842022e-19  -2.9519675e-02
   1.9775416e-01  -5.4210109e-20   2.4931151e-03
   2.3907838e-01   0.0000000e+00   2.9626337e-02
   3.0181970e-01   0.0000000e+00  -9.4926863e-03
   2.1688214e-01   0.0000000e+00  -2.8285588e-02
   1.9748734e-01   0.0000000e+00   9.1879308e-03
   2.5222726e-01  -2.7105054e-20   2.9083342e-02
   2.9405038e-01   0.0000000e+00  -1.6069391e-02
   2.1076759e-01  -1.3552527e-20  -2.5364546e-02
   1.9985025e-01   0.0000000e+00   1.4146064e-02
   2.6502282e-01   0.0000000e+00   2.6504466e-02
   2.8065227e-01   0.0000000e+00  -2.1467450e-02
   2.0518199e-01   0.0000000e+00  -1.9580850e-02
   2.0595668e-01   0.0000000e+00   2.0371872e-02
   2.8268157e-01   0.0000000e+00   2.0732251e-02
   2.6317616e-01   0.0000000e+00  -2.6976018e-02
   1.9937542e-01   2.7105054e-20  -1.3492070e-02
   2.1142819e-01  -1.0842022e-19   2.5851870e-02
   2.9520145e-01   1.0842022e-19   1.5395007e-02
   2.5072388e-01   0.0000000e+00  -2.9220839e-02
   1.9744185e-01   1.0842022e-19  -8.4683114e-03
   2.1808052e-01   0.0000000e+00   2.8525261e-02
   3.0268489e-01   0.0000000e+00   8.1619786e-03
   2.3686952e-01   0.0000000e+00  -2.9599573e-02
   1.9785940e-01   0.0000000e+00  -1.3206555e-03
   2.3168996e-01  -1.0842022e-19   2.9550031e-02
   3.0444084e-01   0.0000000e+00  -4.6171419e-03
   2.2138493e-01   0.0000000e+00  -2.9053864e-02
   1.9737995e-01   0.0000000e+00   6.5592096e-03
   2.4679320e-01  -1.0842022e-19   2.9518388e-02
   2.9798181e-01  -5.4210109e-20  -1.3552385e-02
   2.1319781e-01   0.0000000e+00  -2.7019067e-02
   1.9825815e-01   0.0000000e+00   1.1808804e-02
   2.5845331e-01   0.0000000e+00   2.8102907e-02
   2.8804953e-01  -1.0842022e-19  -1.8775560e-02
   2.0800536e-01   0.0000000e+00  -2.2677917e-02
   2.0270975e-01  -1.0842022e-19   1.7245122e-02
   2.7408163e-01   0.0000000e+00   2.3785736e-02
   2.7127596e-01   0.0000000e+00  -2.4703985e-02
   2.0172862e-01   0.0000000e+00  -1.6298381e-02
   2.0879406e-01   0.0000000e+00   2.3565271e-02
   2.8999122e-01   0.0000000e+00   1.8017921e-02
   2.5668592e-01   0.0000000e+00  -2.8466580e-02
   1.9791603e-01   0.0000000e+00  -1.1142186e-02
   2.1398691e-01   0.0000000e+00   2.7421253e-02
   2.9902294e-01   0.0000000e+00   1.2706426e-02
   2.4507348e-01   0.0000000e+00  -2.9598404e-02
   1.9740875e-01  -1.0842022e-19  -5.6893171e-03
   2.2298469e-01   0.0000000e+00   2.9227677e-02
   3.0494287e-01   1.6940659e-21   2.9880487e-03
   2.2959595e-01  -5.4210109e-20  -2.9524616e-02
   1.9776819e-01   0.0000000e+00   2.3558910e-03
   2.3882110e-01   0.0000000e+00   2.9623677e-02
   3.0192409e-01   0.0000000e+00  -9.3425675e-03
   2.1701632e-01   0.0000000e+00  -2.8314656e-02
   1.9748041e-01   0.0000000e+00   9.1056243e-03
   2.5205308e-01   0.0000000e+00   2.9100538e-02
   2.9418808e-01   0.0000000e+00  -1.5991950e-02
   2.1084406e-01   0.0000000e+00  -2.5423199e-02
   1.9979238e-01  -5.4210109e-20   1.4069098e-02
   2.6480413e-01   0.0000000e+00   2.6561526e-02
   2.8089047e-01   0.0000000e+00  -2.1381413e-02
   2.0527254e-01   0.0000000e+00  -1.9671634e-02
   2.0586971e-01   0.0000000e+00   2.0281299e-02
   2.8245463e-01   0.0000000e+00   2.0814716e-02
   2.6338080e-01   5.4210109e-20  -2.6924797e-02
   1.9942668e-01   0.0000000e+00  -1.3565001e-02
   2.1135322e-01   0.0000000e+00   2.5798719e-02
   2.9507568e-01   2.1175824e-22   1.5471903e-02
   2.5089352e-01   0.0000000e+00  -2.9206400e-02
   1.9744564e-01   1.0842022e-19  -8.5504749e-03
   2.1794114e-01   0.0000000e+00   2.8499428e-02
   3.0259151e-01   0.0000000e+00   8.3155027e-03
   2.3711656e-01   5.4210109e-20  -2.9602862e-02
   1.9784938e-01   5.4210109e-20  -1.4508371e-03
   2.3142734e-01   0.0000000e+00   2.9547768e-02
   3.0451284e-01   1.0842022e-19  -4.4193041e-03
   2.2157625e-01   0.0000000e+00  -2.9077955e-02
   1.9738046e-01   0.0000000e+00   6.4528572e-03
   2.4657867e-01   0.0000000e+00   2.9530871e-02
   2.9811972e-01   0.0000000e+00  -1.3448312e-02
   2.1329583e-01   0.0000000e+00  -2.7074733e-02
   1.9820782e-01   0.0000000e+00   1.1721460e-02
   2.5821467e-01   5.4210109e-20   2.8155049e-02
   2.8831836e-01   0.0000000e+00  -1.8674073e-02
   2.0811089e-01   0.0000000e+00  -2.2800126e-02
   2.0257398e-01   2.7105054e-20   1.7117465e-02
   2.7370479e-01   0.0000000e+00   2.3912292e-02
   2.7164741e-01   0.0000000e+00  -2.4585934e-02
   2.0185390e-01   2.7105054e-20  -1.6423482e-02
   2.0868880e-01  -1.0842022e-19   2.3450801e-02
   2.8974120e-01   5.4210109e-20   1.8119410e-02
   2.5692106e-01   0.0000000e+00  -2.8421650e-02
   1.9795663e-01   0.0000000e+00  -1.1233977e-02
   2.1387198e-01   0.0000000e+00   2.7369258e-02
   2.9888118e-01   0.0000000e+00   1.2830825e-02
   2.4532357e-01  -6.7762636e-21  -2.9589668e-02
   1.9740129e-01   0.0000000e+00  -5.8179771e-03
   2.2274322e-01   0.0000000e+00   2.9205298e-02
   3.0488120e-01   1.0842022e-19   3.2302915e-03
   2.2989804e-01  -1.3552527e-20  -2.9529499e-02
   1.9778332e-01   0.0000000e+00   2.2068458e-03
   2.3854144e-01  -1.0842022e-19   2.9620634e-02
   3.0203678e-01   3.3881318e-21  -9.1779148e-03
   2.1716407e-01  -5.4210109e-20  -2.8345885e-02
   1.9747352e-01   0.0000000e+00   9.0157176e-03
   2.5186365e-01   0.0000000e+00   2.9118867e-02
   2.9433681e-01   0.0000000e+00  -1.5907462e-02
   2.1092716e-01   6.7762636e-21  -2.5486387e-02
   1.9973022e-01   0.0000000e+00   1.3985673e-02
   2.6456759e-01   0.0000000e+00   2.6622914e-02
   2.8114889e-01   1.0842022e-19  -2.1287980e-02
   2.0537094e-01   0.0000000e+00  -1.9770775e-02
   2.0577419e-01   0.0000000e+00   2.0182329e-02
   2.8220504e-01   0.0000000e+00   2.0905393e-02
   2.6360677e-01   0.0000000e+00  -2.6868053e-02
   1.9948355e-01   0.0000000e+00  -1.3645346e-02
   2.1127093e-01  -1.0842022e-19   2.5739858e-02
   2.9493519e-01   2.7105054e-20   1.5556276e-02
   2.5108057e-01   0.0000000e+00  -2.9190269e-02
   1.9745007e-01   1.0842022e-19  -8.6406886e-03
   2.1778890e-01   0.0000000e+00   2.8470653e-02
   3.0248748e-01   0.0000000e+00   8.4838220e-03
   2.3738978e-01  -1.3552527e-20  -2.9606470e-02
   1.9783845e-01   0.0000000e+00  -1.5951185e-03
   2.3113615e-01   0.0000000e+00   2.9545001e-02
   3.0458998e-01   1.0842022e-19  -4.1975944e-03
   2.2179167e-01  -1.0842022e-19  -2.9103966e-02
   1.9738242e-01  -1.0842022e-19   6.3339023e-03
   2.4634054e-01   2.7105054e-20   2.9543950e-02
   2.9827053e-01   5.4210109e-20  -1.3332100e-02
   2.1340504e-01   0.0000000e+00  -2.7134900e-02
   1.9815426e-01   0.0000000e+00   1.1625611e-02
   2.5795505e-01  -5.4210109e-20   2.8210900e-02
   2.8860921e-01   0.0000000e+00  -1.8563276e-02
   2.0822655e-01   0.0000000e+00  -2.2932725e-02
   2.0242665e-01   1.0842022e-19   1.6978090e-02
   2.7329288e-01   2.7105054e-20   2.4049700e-02
   2.7205576e-01   0.0000000e+00  -2.4454835e-02
   2.0199350e-01   0.0000000e+00  -1.6560962e-02
   2.0857400e-01   0.0000000e+00   2.3323878e-02
