   2.3992642e-01   0.0000000e+00   2.9634361e-02
   3.0146956e-01   0.0000000e+00  -9.9795556e-03
   2.1644588e-01   0.0000000e+00  -2.8188068e-02
   1.9751321e-01  -6.7762636e-21   9.4567976e-03
   2.5279889e-01   0.0000000e+00   2.9024838e-02
   2.9359258e-01   0.0000000e+00  -1.6322659e-02
   2.1051653e-01   0.0000000e+00  -2.5168681e-02
   2.0004465e-01  -1.0842022e-19   1.4400350e-02
   2.6574546e-01   5.4210109e-20   2.6313799e-02
   2.7987073e-01   1.3552527e-20  -2.1750073e-02
   2.0488263e-01   0.0000000e+00  -1.9286943e-02
   2.0623297e-01   0.0000000e+00   2.0665519e-02
   2.8340767e-01   6.7762636e-21   2.0469310e-02
   2.6252590e-01  -1.0842022e-19  -2.7137655e-02
   1.9921393e-01   0.0000000e+00  -1.3261239e-02
   2.1166475e-01   0.0000000e+00   2.6019165e-02
   2.9559813e-01   0.0000000e+00   1.5150943e-02
   2.5018735e-01   1.0842022e-19  -2.9265871e-02
   1.9743065e-01   0.0000000e+00  -8.2091572e-03
   2.1851962e-01   0.0000000e+00   2.8605423e-02
   3.0297079e-01   0.0000000e+00   7.6782975e-03
   2.3610501e-01   0.0000000e+00  -2.9589832e-02
   1.9788369e-01   1.0842022e-19  -9.1990816e-04
   2.3249609e-01  -1.0842022e-19   2.9556382e-02
   3.0420484e-01   0.0000000e+00  -5.2122647e-03
   2.2081527e-01   0.0000000e+00  -2.8977063e-02
   1.9738243e-01  -1.0842022e-19   6.8797688e-03
   2.4744348e-01   0.0000000e+00   2.9477181e-02
   2.9755100e-01   0.0000000e+00  -1.3866172e-02
   2.1290000e-01   0.0000000e+00  -2.6842622e-02
   1.9842088e-01   5.4210109e-20   1.2079272e-02
   2.5919912e-01   0.0000000e+00   2.7935522e-02
   2.8720129e-01   0.0000000e+00  -1.9091611e-02
   2.0767457e-01   0.0000000e+00  -2.2295666e-02
   2.0313218e-01   0.0000000e+00   1.7640875e-02
   2.7524066e-01  -5.4210109e-20   2.3390845e-02
   2.7014370e-01   0.0000000e+00  -2.5056978e-02
   2.0135345e-01   1.0842022e-19  -1.5916248e-02
   2.0912030e-01   2.7105054e-20   2.3909038e-02
   2.9074503e-01   0.0000000e+00   1.7702739e-02
   2.5595744e-01   1.0842022e-19  -2.8597884e-02
   1.9780220e-01   0.0000000e+00  -1.0850877e-02
   2.1436544e-01   0.0000000e+00   2.7578709e-02
   2.9946917e-01   0.0000000e+00   1.2293582e-02
   2.4425341e-01   0.0000000e+00  -2.9620893e-02
   1.9744193e-01   0.0000000e+00  -5.2619595e-03
   2.2379953e-01  -1.0842022e-19   2.9294311e-02
   3.0510999e-01  -1.0842022e-19   2.1838458e-03
   2.2861711e-01   0.0000000e+00  -2.9505387e-02
   1.9771664e-01   0.0000000e+00   2.8396837e-03
   2.3972557e-01   1.0842022e-19   2.9632567e-02
   3.0155343e-01   3.3881318e-21  -9.8655608e-03
   2.1654832e-01   0.0000000e+00  -2.8211301e-02
   1.9750699e-01   1.6940659e-21   9.3935901e-03
   2.5266390e-01   0.0000000e+00   2.9038885e-02
   2.9370201e-01   0.0000000e+00  -1.6263100e-02
   2.1057554e-01   1.0842022e-19  -2.5215215e-02
   1.9999834e-01   1.0842022e-19   1.4340287e-02
   2.6557461e-01   0.0000000e+00   2.6359081e-02
   2.8005422e-01   0.0000000e+00  -2.1683604e-02
   2.0495309e-01   3.3881318e-21  -1.9355439e-02
   2.0616915e-01   2.7105054e-20   2.0597036e-02
   2.8323938e-01  -5.4210109e-20   2.0529973e-02
   2.6267518e-01   0.0000000e+00  -2.7100538e-02
   1.9925090e-01   0.0000000e+00  -1.3314198e-02
   2.1161040e-01   0.0000000e+00   2.5980894e-02
   2.9550823e-01   0.0000000e+00   1.5206839e-02
   2.5030948e-01   0.0000000e+00  -2.9255594e-02
   1.9743337e-01  -1.0842022e-19  -8.2681994e-03
   2.1841978e-01   1.3552527e-20   2.8587268e-02
   3.0290670e-01   2.7105054e-20   7.7882356e-03
   2.3627700e-01   0.0000000e+00  -2.9591902e-02
   1.9787909e-01   0.0000000e+00  -1.0096927e-03
   2.3231578e-01   0.0000000e+00   2.9554977e-02
   3.0425861e-01   0.0000000e+00  -5.0808524e-03
   2.2094017e-01   0.0000000e+00  -2.8994508e-02
   1.9738154e-01   0.0000000e+00   6.8089782e-03
   2.4729939e-01   0.0000000e+00   2.9486657e-02
   2.9764823e-01   1.0842022e-19  -1.3796958e-02
   2.1296573e-01  -1.0842022e-19  -2.6882494e-02
   1.9838375e-01   0.0000000e+00   1.2018892e-02
   2.5903141e-01   5.4210109e-20   2.7973532e-02
   2.8739200e-01   0.0000000e+00  -1.9020953e-02
   2.0774846e-01   0.0000000e+00  -2.2381161e-02
   2.0303800e-01  -1.0842022e-19   1.7552805e-02
   2.7498392e-01   0.0000000e+00   2.3478928e-02
   2.7039337e-01   1.0842022e-19  -2.4980137e-02
   2.0143498e-01   0.0000000e+00  -1.6000518e-02
   2.0904771e-01  -2.7105054e-20   2.3834021e-02
   2.9057975e-01   0.0000000e+00   1.7772966e-02
   2.5611921e-01  -5.4210109e-20  -2.8569712e-02
   1.9782627e-01   0.0000000e+00  -1.0916576e-02
   2.1427818e-01   0.0000000e+00   2.7544166e-02
   2.9936881e-01   0.0000000e+00   1.2389039e-02
   2.4444159e-01   0.0000000e+00  -2.9616484e-02
   1.9743330e-01   0.0000000e+00  -5.3606984e-03
   2.2360954e-01   1.0842022e-19   2.9279913e-02
   3.0507565e-01  -1.0842022e-19   2.3693763e-03
   2.2883968e-01   0.0000000e+00  -2.9510221e-02
   1.9772932e-01   0.0000000e+00   2.7295313e-03
   2.3951996e-01   0.0000000e+00   2.9630662e-02
   3.0163802e-01   0.0000000e+00  -9.7480307e-03
   2.1665302e-01   0.0000000e+00  -2.8235070e-02
   1.9750073e-01   0.0000000e+00   9.3285737e-03
   2.5252564e-01   0.0000000e+00   2.9053145e-02
   2.9381243e-01   0.0000000e+00  -1.6201883e-02
   2.1063618e-01   0.0000000e+00  -2.5262804e-02
   1.9995113e-01   0.0000000e+00   1.4278664e-02
   2.6539978e-01   0.0000000e+00   2.6405380e-02
   2.8024334e-01   0.0000000e+00  -2.1615203e-02
   2.0502539e-01  -1.3552527e-20  -1.9426353e-02
   2.0610267e-01   0.0000000e+00   2.0526195e-02
   2.8306482e-01   0.0000000e+00   2.0593162e-02
   2.6283123e-01   0.0000000e+00  -2.7061782e-02
   1.9928958e-01   0.0000000e+00  -1.3369585e-02
   2.1155349e-01   0.0000000e+00   2.5940819e-02
   2.9541253e-01   5.4210109e-20   1.5265433e-02
   2.5043839e-01   0.0000000e+00  -2.9244810e-02
   1.9743608e-01   0.0000000e+00  -8.3302958e-03
   2.1831423e-01   0.0000000e+00   2.8568170e-02
   3.0283846e-01   0.0000000e+00   7.9040938e-03
   2.3645952e-01   2.7105054e-20  -2.9594189e-02
   1.9787381e-01   0.0000000e+00  -1.1051549e-03
   2.3212403e-01   0.0000000e+00   2.9553490e-02
   3.0431524e-01   0.0000000e+00  -4.9398798e-03
   2.2107490e-01   0.0000000e+00  -2.9012929e-02
   1.9738072e-01   0.0000000e+00   6.7330091e-03
   2.4714522e-01   1.0842022e-19   2.9496618e-02
   2.9775097e-01   2.7105054e-20  -1.3722608e-02
   2.1303629e-01   5.4210109e-20  -2.6924792e-02
   1.9834441e-01   0.0000000e+00   1.1954411e-02
   2.5885318e-01  -1.0842022e-19   2.8013766e-02
   2.8759523e-01  -1.0842022e-19  -1.8945498e-02
   2.0782741e-01  -1.0842022e-19  -2.2472481e-02
   2.0293722e-01   1.0842022e-19   1.7458454e-02
   2.7470800e-01   0.0000000e+00   2.3573204e-02
   2.7066235e-01   0.0000000e+00  -2.4896730e-02
   2.0152349e-01   0.0000000e+00  -1.6091298e-02
   2.0896995e-01   0.0000000e+00   2.3752709e-02
   2.9040130e-01   0.0000000e+00   1.7848154e-02
   2.5629299e-01   0.0000000e+00  -2.8538856e-02
   1.9785274e-01   1.0842022e-19  -1.0986424e-02
   2.1418678e-01   0.0000000e+00   2.7506824e-02
   2.9926201e-01   5.4210109e-20   1.2489059e-02
   2.4463993e-01   0.0000000e+00  -2.9611380e-02
   1.9742490e-01   0.0000000e+00  -5.4642401e-03
   2.2341166e-01   0.0000000e+00   2.9264171e-02
   3.0503667e-01   0.0000000e+00   2.5641864e-03
   2.2907570e-01   0.0000000e+00  -2.9515034e-02
   1.9774144e-01   0.0000000e+00   2.6129504e-03
   2.3930219e-01   5.4210109e-20   2.9628577e-02
   3.0172741e-01   0.0000000e+00  -9.6226345e-03
   2.1676522e-01   0.0000000e+00  -2.8260093e-02
   1.9749419e-01   1.0842022e-19   9.2593845e-03
   2.5237877e-01  -1.0842022e-19   2.9068118e-02
   2.9392996e-01  -1.0842022e-19  -1.6136699e-02
   2.1070067e-01   0.0000000e+00  -2.5313088e-02
   1.9990133e-01   0.0000000e+00   1.4213296e-02
   2.6521382e-01  -2.7105054e-20   2.6454341e-02
   2.8044482e-01   0.0000000e+00  -2.1542450e-02
   2.0510222e-01  -2.7105054e-20  -1.9502238e-02
   2.0603103e-01   0.0000000e+00   2.0450437e-02
   2.8287745e-01   0.0000000e+00   2.0661220e-02
   2.6300009e-01   0.0000000e+00  -2.7019895e-02
   1.9933142e-01   0.0000000e+00  -1.3429443e-02
   2.1149204e-01   0.0000000e+00   2.5897436e-02
   2.9530969e-01   0.0000000e+00   1.5328778e-02
   2.5057755e-01   0.0000000e+00  -2.9233144e-02
   1.9743909e-01   0.0000000e+00  -8.3976725e-03
   2.1819965e-01   0.0000000e+00   2.8547338e-02
   3.0276382e-01   0.0000000e+00   8.0299765e-03
   2.3665939e-01   1.6940659e-21  -2.9596755e-02
   1.9786698e-01   2.7105054e-20  -1.2098414e-03
   2.3191365e-01  -1.3552527e-20   2.9551819e-02
   3.0437649e-01   0.0000000e+00  -4.7838636e-03
   2.2122488e-01   0.0000000e+00  -2.9032920e-02
   1.9738029e-01   0.0000000e+00   6.6489491e-03
   2.4697437e-01   0.0000000e+00   2.9507363e-02
   2.9786312e-01   0.0000000e+00  -1.3640283e-02
   2.1311438e-01   0.0000000e+00  -2.6970882e-02
   1.9830191e-01   0.0000000e+00   1.1883603e-02
   2.5865843e-01   6.7762636e-21   2.8057439e-02
   2.8781732e-01   1.0842022e-19  -1.8862745e-02
   2.0791435e-01   0.0000000e+00  -2.2572578e-02
   2.0282652e-01   0.0000000e+00   1.7354684e-02
   2.7440369e-01   0.0000000e+00   2.3676724e-02
   2.7095992e-01   0.0000000e+00  -2.4803677e-02
   2.0162210e-01   0.0000000e+00  -1.6191756e-02
   2.0888436e-01  -1.0842022e-19   2.3662145e-02
   2.9020300e-01   0.0000000e+00   1.7930773e-02
   2.5648413e-01   0.0000000e+00  -2.8504137e-02
   1.9788310e-01   0.0000000e+00  -1.1062562e-02
   2.1408859e-01   1.3552527e-20   2.7465369e-02
   2.9914542e-01  -1.0842022e-19   1.2596314e-02
   2.4485382e-01   0.0000000e+00  -2.9605300e-02
   1.9741663e-01   0.0000000e+00  -5.5753162e-03
   2.2320083e-01   0.0000000e+00   2.9246517e-02
   3.0499155e-01   0.0000000e+00   2.7733494e-03
   2.2933172e-01   0.0000000e+00  -2.9519886e-02
   1.9775474e-01   1.0842022e-19   2.4866852e-03
   2.3906621e-01  -2.7105054e-20   2.9626220e-02
   3.0182401e-01   0.0000000e+00  -9.4856873e-03
   2.1688809e-01  -2.7105054e-20  -2.8286986e-02
   1.9748753e-01   1.0842022e-19   9.1840448e-03
   2.5221885e-01   0.0000000e+00   2.9084169e-02
   2.9405734e-01  -1.0842022e-19  -1.6065749e-02
   2.1077074e-01   0.0000000e+00  -2.5367361e-02
   1.9984759e-01   0.0000000e+00   1.4142428e-02
   2.6501230e-01   0.0000000e+00   2.6507171e-02
   2.8066380e-01  -1.0842022e-19  -2.1463390e-02
   2.0518568e-01   0.0000000e+00  -1.9585172e-02
   2.0595231e-01  -5.4210109e-20   2.0367654e-02
   2.8267124e-01   6.7762636e-21   2.0736091e-02
   2.6318535e-01   0.0000000e+00  -2.6973640e-02
   1.9937765e-01   0.0000000e+00  -1.3495500e-02
   2.1142423e-01   0.0000000e+00   2.5849444e-02
   2.9519611e-01   0.0000000e+00   1.5398603e-02
   2.5073150e-01   0.0000000e+00  -2.9220177e-02
   1.9744238e-01   0.0000000e+00  -8.4721506e-03
   2.1807351e-01   0.0000000e+00   2.8524099e-02
   3.0268040e-01   0.0000000e+00   8.1692013e-03
   2.3688131e-01   0.0000000e+00  -2.9599714e-02
   1.9785862e-01   5.4210109e-20  -1.3267506e-03
   2.3167794e-01   1.0842022e-19   2.9549914e-02
   3.0444363e-01   2.7105054e-20  -4.6079338e-03
   2.2139402e-01   0.0000000e+00  -2.9054982e-02
   1.9738025e-01   0.0000000e+00   6.5542352e-03
   2.4678295e-01  -2.7105054e-20   2.9519002e-02
   2.9798821e-01   0.0000000e+00  -1.3547530e-02
   2.1320215e-01   0.0000000e+00  -2.7021729e-02
   1.9825536e-01   5.4210109e-20   1.1804720e-02
   2.5844161e-01   0.0000000e+00   2.8105407e-02
   2.8806281e-01   0.0000000e+00  -1.8770755e-02
   2.0800992e-01   0.0000000e+00  -2.2683746e-02
   2.0270299e-01   0.0000000e+00   1.7239132e-02
   2.7406393e-01   0.0000000e+00   2.3791716e-02
   2.7129366e-01   0.0000000e+00  -2.4698450e-02
   2.0173388e-01   0.0000000e+00  -1.6304325e-02
   2.0878917e-01  -1.0842022e-19   2.3559890e-02
   2.8997954e-01   0.0000000e+00   1.8022724e-02
   2.5669683e-01   0.0000000e+00  -2.8464496e-02
   1.9791834e-01  -1.0842022e-19  -1.1146512e-02
   2.1398184e-01   0.0000000e+00   2.7418760e-02
   2.9901634e-01   1.0842022e-19   1.2712410e-02
   2.4508547e-01   1.0842022e-19  -2.9598006e-02
   1.9740877e-01   0.0000000e+00  -5.6954933e-03
   2.2297314e-01   0.0000000e+00   2.9226620e-02
   3.0493922e-01   0.0000000e+00   2.9997144e-03
   2.2961049e-01   0.0000000e+00  -2.9524859e-02
   1.9776951e-01   0.0000000e+00   2.3487392e-03
   2.3880815e-01   0.0000000e+00   2.9623520e-02
   3.0192885e-01   5.4210109e-20  -9.3347203e-03
   2.1702391e-01  -1.0842022e-19  -2.8316110e-02
   1.9748047e-01   0.0000000e+00   9.1012984e-03
   2.5204436e-01   3.3881318e-21   2.9101422e-02
   2.9419544e-01   0.0000000e+00  -1.5987901e-02
   2.1084753e-01  -5.4210109e-20  -2.5426304e-02
   1.9978947e-01  -1.0842022e-19   1.4065069e-02
   2.6479273e-01   1.0842022e-19   2.6564493e-02
   2.8090331e-01   0.0000000e+00  -2.1376899e-02
   2.0527694e-01   0.0000000e+00  -1.9676424e-02
   2.0586515e-01   0.0000000e+00   2.0276554e-02
   2.8244246e-01   2.7105054e-20   2.0819064e-02
   2.6339155e-01   0.0000000e+00  -2.6922096e-02
   1.9942922e-01   0.0000000e+00  -1.3568856e-02
   2.1134906e-01  -2.7105054e-20   2.5795942e-02
   2.9506822e-01  -5.4210109e-20   1.5475963e-02
   2.5090297e-01   0.0000000e+00  -2.9205620e-02
   1.9744630e-01   0.0000000e+00  -8.5547849e-03
   2.1793416e-01   6.7762636e-21   2.8498015e-02
   3.0258642e-01   0.0000000e+00   8.3236072e-03
   2.3712951e-01   0.0000000e+00  -2.9603040e-02
   1.9784916e-01  -1.0842022e-19  -1.4577436e-03
   2.3141326e-01   0.0000000e+00   2.9547650e-02
   3.0451705e-01   0.0000000e+00  -4.4087445e-03
   2.2158631e-01  -1.0842022e-19  -2.9079235e-02
   1.9738101e-01   0.0000000e+00   6.4471642e-03
   2.4656754e-01   0.0000000e+00   2.9531514e-02
   2.9812712e-01   0.0000000e+00  -1.3442755e-02
   2.1330108e-01   0.0000000e+00  -2.7077648e-02
   1.9820475e-01   0.0000000e+00   1.1716872e-02
   2.5820202e-01   0.0000000e+00   2.8157789e-02
   2.8833316e-01   0.0000000e+00  -1.8668693e-02
   2.0811648e-01  -1.0842022e-19  -2.2806577e-02
   2.0256660e-01  -1.0842022e-19   1.7110743e-02
   2.7368502e-01   0.0000000e+00   2.3918963e-02
   2.7166698e-01   0.0000000e+00  -2.4579642e-02
   2.0186044e-01   0.0000000e+00  -1.6430135e-02
   2.0868371e-01  -3.3881318e-21   2.3444645e-02
   2.8972794e-01   0.0000000e+00   1.8124781e-02
   2.5693369e-01   0.0000000e+00  -2.8419230e-02
   1.9795937e-01   0.0000000e+00  -1.1238772e-02
   2.1386622e-01   1.0842022e-19   2.7366467e-02
   2.9887388e-01  -1.0842022e-19   1.2837304e-02
   2.4533624e-01   5.4210109e-20  -2.9589210e-02
   1.9740080e-01   2.7105054e-20  -5.8246781e-03
   2.2273030e-01   0.0000000e+00   2.9204128e-02
   3.0487854e-01   1.0842022e-19   3.2428939e-03
   2.2991348e-01  -5.4210109e-20  -2.9529770e-02
   1.9778371e-01   5.4210109e-20   2.1990508e-03
   2.3852704e-01   0.0000000e+00   2.9620456e-02
   3.0204185e-01   0.0000000e+00  -9.1692586e-03
   2.1717198e-01   0.0000000e+00  -2.8347499e-02
   1.9747327e-01  -1.3552527e-20   9.0109850e-03
   2.5185362e-01   0.0000000e+00   2.9119824e-02
   2.9434395e-01   0.0000000e+00  -1.5903047e-02
   2.1093110e-01   0.0000000e+00  -2.5489747e-02
   1.9972715e-01   0.0000000e+00   1.3981288e-02
   2.6455541e-01  -1.0842022e-19   2.6626109e-02
   2.8116291e-01   0.0000000e+00  -2.1283070e-02
   2.0537617e-01  -1.0842022e-19  -1.9775988e-02
   2.0576953e-01   0.0000000e+00   2.0177085e-02
   2.8219136e-01   0.0000000e+00   2.0910202e-02
   2.6361897e-01   0.0000000e+00  -2.6865030e-02
   1.9948635e-01   0.0000000e+00  -1.3649613e-02
   2.1126644e-01   0.0000000e+00   2.5736748e-02
   2.9492745e-01   5.4210109e-20   1.5560748e-02
   2.5109039e-01   0.0000000e+00  -2.9189415e-02
   1.9745085e-01   0.0000000e+00  -8.6454295e-03
   2.1778103e-01   0.0000000e+00   2.8469098e-02
   3.0248163e-01   1.0842022e-19   8.4927205e-03
   2.3740393e-01   0.0000000e+00  -2.9606683e-02
   1.9783759e-01   2.7105054e-20  -1.6027920e-03
   2.3112023e-01   0.0000000e+00   2.9544874e-02
