   2.0912466e-01   1.0842022e-19   2.3913228e-02
   2.9075391e-01   0.0000000e+00   1.7698580e-02
   2.5594751e-01   0.0000000e+00  -2.8599433e-02
   1.9780059e-01  -1.0842022e-19  -1.0846835e-02
   2.1437108e-01   5.4210109e-20   2.7580736e-02
   2.9947559e-01   1.0842022e-19   1.2287337e-02
   2.4424084e-01   0.0000000e+00  -2.9621081e-02
   1.9744267e-01   0.0000000e+00  -5.2553860e-03
   2.2381193e-01  -1.0842022e-19   2.9295207e-02
   3.0511146e-01   1.0842022e-19   2.1713221e-03
   2.2860177e-01   0.0000000e+00  -2.9504995e-02
   1.9771571e-01  -5.4210109e-20   2.8471780e-03
   2.3973957e-01  -1.0842022e-19   2.9632615e-02
   3.0154680e-01   0.0000000e+00  -9.8736393e-03
   2.1654065e-01   0.0000000e+00  -2.8209540e-02
   1.9750720e-01   0.0000000e+00   9.3982550e-03
   2.5267405e-01  -5.4210109e-20   2.9037686e-02
   2.9369288e-01   0.0000000e+00  -1.6267649e-02
   2.1057106e-01   0.0000000e+00  -2.5211379e-02
   2.0000205e-01   0.0000000e+00   1.4345130e-02
   2.6558862e-01   5.4210109e-20   2.6355252e-02
   2.8003910e-01  -2.7105054e-20  -2.1689047e-02
   2.0494693e-01   0.0000000e+00  -1.9349639e-02
   2.0617481e-01   0.0000000e+00   2.0602792e-02
   2.8325404e-01   0.0000000e+00   2.0524641e-02
   2.6266229e-01   0.0000000e+00  -2.7103663e-02
   1.9924774e-01   0.0000000e+00  -1.3309416e-02
   2.1161562e-01   0.0000000e+00   2.5984230e-02
   2.9551622e-01   0.0000000e+00   1.5201486e-02
   2.5029781e-01   0.0000000e+00  -2.9256430e-02
   1.9743304e-01   1.0842022e-19  -8.2623570e-03
   2.1842986e-01  -1.0842022e-19   2.8588970e-02
   3.0291353e-01  -1.0842022e-19   7.7769946e-03
   2.3625947e-01  -2.7105054e-20  -2.9591576e-02
   1.9787963e-01   5.4210109e-20  -1.0003609e-03
   2.3233465e-01   0.0000000e+00   2.9555040e-02
   3.0425317e-01   0.0000000e+00  -5.0947179e-03
   2.2092684e-01   0.0000000e+00  -2.8992549e-02
   1.9738183e-01   0.0000000e+00   6.8165895e-03
   2.4731546e-01   0.0000000e+00   2.9485488e-02
   2.9763690e-01  -1.0842022e-19  -1.3804566e-02
   2.1295855e-01  -5.4210109e-20  -2.6877861e-02
   1.9838850e-01   0.0000000e+00   1.2025727e-02
   2.5905094e-01  -2.7105054e-20   2.7969038e-02
   2.8736965e-01   0.0000000e+00  -1.9029126e-02
   2.0774004e-01   0.0000000e+00  -2.2371036e-02
   2.0304910e-01   0.0000000e+00   1.7563181e-02
   2.7501447e-01   0.0000000e+00   2.3468417e-02
   2.7036325e-01   0.0000000e+00  -2.4989280e-02
   2.0142482e-01   0.0000000e+00  -1.5990415e-02
   2.0905691e-01   0.0000000e+00   2.3842965e-02
   2.9060007e-01   0.0000000e+00   1.7764378e-02
   2.5609961e-01   0.0000000e+00  -2.8573065e-02
   1.9782292e-01  -1.0842022e-19  -1.0908477e-02
   2.1428932e-01   0.0000000e+00   2.7548363e-02
   2.9938152e-01   0.0000000e+00   1.2377007e-02
   2.4441782e-01   0.0000000e+00  -2.9616971e-02
   1.9743506e-01   0.0000000e+00  -5.3481149e-03
   2.2363373e-01   0.0000000e+00   2.9281706e-02
   3.0507968e-01   0.0000000e+00   2.3455741e-03
   2.2881094e-01   0.0000000e+00  -2.9509542e-02
   1.9772736e-01  -1.0842022e-19   2.7438039e-03
   2.3954677e-01   0.0000000e+00   2.9630829e-02
   3.0162728e-01   0.0000000e+00  -9.7634053e-03
   2.1663908e-01   0.0000000e+00  -2.8231843e-02
   1.9750124e-01   0.0000000e+00   9.3372615e-03
   2.5254459e-01   0.0000000e+00   2.9051084e-02
   2.9379734e-01   0.0000000e+00  -1.6210185e-02
   2.1062812e-01   0.0000000e+00  -2.5256055e-02
   1.9995770e-01   0.0000000e+00   1.4287278e-02
   2.6542426e-01   0.0000000e+00   2.6398752e-02
   2.8021632e-01  -5.4210109e-20  -2.1624867e-02
   2.0501498e-01  -1.0842022e-19  -1.9416131e-02
   2.0611271e-01   0.0000000e+00   2.0536317e-02
   2.8309007e-01   0.0000000e+00   2.0583884e-02
   2.6280819e-01   0.0000000e+00  -2.7067364e-02
   1.9928402e-01   0.0000000e+00  -1.3361315e-02
   2.1156248e-01   2.7105054e-20   2.5946675e-02
   2.9542704e-01   0.0000000e+00   1.5256394e-02
   2.5041849e-01   1.0842022e-19  -2.9246337e-02
   1.9743557e-01   0.0000000e+00  -8.3205443e-03
   2.1833081e-01   0.0000000e+00   2.8571099e-02
   3.0284946e-01  -2.7105054e-20   7.8855577e-03
   2.3643065e-01   0.0000000e+00  -2.9593698e-02
   1.9787452e-01   0.0000000e+00  -1.0897190e-03
   2.3215548e-01   0.0000000e+00   2.9553627e-02
   3.0430627e-01  -1.3552527e-20  -4.9629074e-03
   2.2105311e-01   0.0000000e+00  -2.9009792e-02
   1.9738102e-01  -5.4210109e-20   6.7455489e-03
   2.4717064e-01   0.0000000e+00   2.9494864e-02
   2.9773399e-01   0.0000000e+00  -1.3735021e-02
   2.1302475e-01  -2.7105054e-20  -2.6917497e-02
   1.9835176e-01   0.0000000e+00   1.1965338e-02
   2.5888370e-01   1.0842022e-19   2.8006782e-02
   2.8755995e-01  -1.0842022e-19  -1.8958474e-02
   2.0781375e-01   5.4210109e-20  -2.2456607e-02
   2.0295452e-01   0.0000000e+00   1.7474861e-02
   2.7475623e-01   0.0000000e+00   2.3556711e-02
   2.7061492e-01   0.0000000e+00  -2.4911331e-02
   2.0150764e-01   1.0842022e-19  -1.6075362e-02
   2.0898419e-01   0.0000000e+00   2.3766940e-02
   2.9043292e-01   0.0000000e+00   1.7834814e-02
   2.5626200e-01   0.0000000e+00  -2.8544280e-02
   1.9784766e-01   1.0842022e-19  -1.0973982e-02
   2.1420361e-01   3.3881318e-21   2.7513406e-02
   2.9928123e-01   0.0000000e+00   1.2471051e-02
   2.4460448e-01  -6.7762636e-21  -2.9612240e-02
   1.9742682e-01   0.0000000e+00  -5.4454717e-03
   2.2344786e-01   0.0000000e+00   2.9266977e-02
   3.0504364e-01  -1.0842022e-19   2.5287119e-03
   2.2903288e-01   0.0000000e+00  -2.9514081e-02
   1.9773972e-01  -1.0842022e-19   2.6343243e-03
   2.3934251e-01   0.0000000e+00   2.9628874e-02
   3.0171104e-01   0.0000000e+00  -9.6458079e-03
   2.1674452e-01   0.0000000e+00  -2.8255334e-02
   1.9749510e-01   0.0000000e+00   9.2723351e-03
   2.5240628e-01   1.0842022e-19   2.9065194e-02
   2.9390743e-01   0.0000000e+00  -1.6149024e-02
   2.1068878e-01   0.0000000e+00  -2.5303320e-02
   1.9991086e-01   5.4210109e-20   1.4225865e-02
   2.6525006e-01   0.0000000e+00   2.6444768e-02
   2.8040535e-01   0.0000000e+00  -2.1556550e-02
   2.0508747e-01   0.0000000e+00  -1.9487306e-02
   2.0604585e-01   0.0000000e+00   2.0465204e-02
   2.8291427e-01   0.0000000e+00   2.0647683e-02
   2.6296633e-01  -1.0842022e-19  -2.7028126e-02
   1.9932329e-01   5.4210109e-20  -1.3417402e-02
   2.1150506e-01   0.0000000e+00   2.5906021e-02
   2.9533034e-01   0.0000000e+00   1.5315785e-02
   2.5054876e-01   1.0842022e-19  -2.9235418e-02
   1.9743834e-01   1.0842022e-19  -8.3836911e-03
   2.1822368e-01   0.0000000e+00   2.8551580e-02
   3.0277942e-01  -5.4210109e-20   8.0035414e-03
   2.3661701e-01  -1.0842022e-19  -2.9596135e-02
   1.9786856e-01   1.0842022e-19  -1.1876781e-03
   2.3195846e-01   1.0842022e-19   2.9552097e-02
   3.0436364e-01   2.7105054e-20  -4.8171488e-03
   2.2119281e-01   0.0000000e+00  -2.9028584e-02
   1.9738038e-01   0.0000000e+00   6.6669988e-03
   2.4701112e-01   5.4210109e-20   2.9504969e-02
   2.9783881e-01   0.0000000e+00  -1.3658084e-02
   2.1309789e-01   6.7762636e-21  -2.6960720e-02
   1.9831184e-01   1.0842022e-19   1.1899027e-02
   2.5870113e-01  -1.0842022e-19   2.8047796e-02
   2.8776820e-01  -1.0842022e-19  -1.8880929e-02
   2.0789477e-01   0.0000000e+00  -2.2550465e-02
   2.0285079e-01   0.0000000e+00   1.7377665e-02
   2.7447132e-01   0.0000000e+00   2.3653725e-02
   2.7089349e-01   0.0000000e+00  -2.4824413e-02
   2.0160012e-01   1.0842022e-19  -1.6169336e-02
   2.0890382e-01   0.0000000e+00   2.3682335e-02
   2.9024742e-01  -5.4210109e-20   1.7912251e-02
   2.5644158e-01   0.0000000e+00  -2.8511894e-02
   1.9787591e-01   0.0000000e+00  -1.1045463e-02
   2.1411068e-01   0.0000000e+00   2.7474686e-02
   2.9917169e-01   0.0000000e+00   1.2572127e-02
   2.4480523e-01   1.0842022e-19  -2.9606660e-02
   1.9741862e-01   0.0000000e+00  -5.5501564e-03
   2.2324846e-01   0.0000000e+00   2.9250531e-02
   3.0500195e-01   0.0000000e+00   2.7258076e-03
   2.2927310e-01   0.0000000e+00  -2.9518762e-02
   1.9775197e-01  -2.7105054e-20   2.5155541e-03
   2.3912057e-01   1.0842022e-19   2.9626686e-02
   3.0180182e-01   0.0000000e+00  -9.5172002e-03
   2.1686025e-01   2.1684043e-19  -2.8280655e-02
   1.9748869e-01   0.0000000e+00   9.2015258e-03
   2.5225615e-01   0.0000000e+00   2.9080334e-02
   2.9402718e-01   0.0000000e+00  -1.6082316e-02
   2.1075476e-01  -1.3552527e-20  -2.5354453e-02
   1.9986031e-01   0.0000000e+00   1.4159157e-02
   2.6506008e-01   5.4210109e-20   2.6494572e-02
   2.8061147e-01   0.0000000e+00  -2.1482158e-02
   2.0516636e-01  -1.0842022e-19  -1.9565217e-02
   2.0597167e-01   0.0000000e+00   2.0387412e-02
   2.8272090e-01  -1.0842022e-19   2.0717977e-02
   2.6314052e-01   2.7105054e-20  -2.6984749e-02
   1.9936675e-01  -5.4210109e-20  -1.3479389e-02
   2.1144150e-01   0.0000000e+00   2.5861012e-02
   2.9522381e-01   1.0842022e-19   1.5381363e-02
   2.5069357e-01   2.7105054e-20  -2.9223273e-02
   1.9744138e-01   0.0000000e+00  -8.4536201e-03
   2.1810550e-01   0.0000000e+00   2.8529787e-02
   3.0270124e-01  -1.0842022e-19   8.1342813e-03
   2.3682522e-01   0.0000000e+00  -2.9598905e-02
   1.9786127e-01   0.0000000e+00  -1.2972268e-03
   2.3173742e-01   0.0000000e+00   2.9550351e-02
   3.0442676e-01   0.0000000e+00  -4.6526424e-03
   2.2135076e-01   0.0000000e+00  -2.9049361e-02
   1.9738004e-01   0.0000000e+00   6.5784078e-03
   2.4683226e-01   0.0000000e+00   2.9515956e-02
   2.9795607e-01   0.0000000e+00  -1.3571301e-02
   2.1317995e-01   1.0842022e-19  -2.7008581e-02
   1.9826783e-01   0.0000000e+00   1.1824989e-02
   2.5849760e-01   2.7105054e-20   2.8093002e-02
   2.8799925e-01  -1.0842022e-19  -1.8794516e-02
   2.0798543e-01   0.0000000e+00  -2.2654876e-02
   2.0273532e-01   0.0000000e+00   1.7269096e-02
   2.7415247e-01   1.3552527e-20   2.3761801e-02
   2.7120643e-01   0.0000000e+00  -2.4725949e-02
   2.0170516e-01   1.0842022e-19  -1.6274853e-02
   2.0881404e-01   0.0000000e+00   2.3586647e-02
   2.9003813e-01   0.0000000e+00   1.7998639e-02
   2.5664109e-01   0.0000000e+00  -2.8474898e-02
   1.9790869e-01   0.0000000e+00  -1.1124536e-02
   2.1400940e-01   0.0000000e+00   2.7431039e-02
   2.9905016e-01   0.0000000e+00   1.2681989e-02
   2.4502448e-01   5.4210109e-20  -2.9599927e-02
   1.9741053e-01   0.0000000e+00  -5.6639283e-03
   2.2303272e-01   0.0000000e+00   2.9231897e-02
   3.0495330e-01   0.0000000e+00   2.9400918e-03
   2.2953657e-01   0.0000000e+00  -2.9523538e-02
   1.9776523e-01   0.0000000e+00   2.3852767e-03
   2.3887634e-01  -1.0842022e-19   2.9624198e-02
   3.0190095e-01  -5.4210109e-20  -9.3749246e-03
   2.1698734e-01   1.0842022e-19  -2.8308321e-02
   1.9748206e-01  -1.0842022e-19   9.1234510e-03
   2.5209111e-01   0.0000000e+00   2.9096719e-02
   2.9415848e-01   0.0000000e+00  -1.6008825e-02
   2.1082731e-01  -6.7762636e-21  -2.5410257e-02
   1.9980519e-01   0.0000000e+00   1.4086020e-02
   2.6485234e-01   0.0000000e+00   2.6548868e-02
   2.8083785e-01  -1.0842022e-19  -2.1400426e-02
   2.0525250e-01   0.0000000e+00  -1.9651365e-02
   2.0588925e-01   0.0000000e+00   2.0301468e-02
   2.8250543e-01  -1.3552527e-20   2.0796160e-02
   2.6333456e-01   1.0842022e-19  -2.6936267e-02
   1.9941526e-01   0.0000000e+00  -1.3548484e-02
   2.1137036e-01   0.0000000e+00   2.5810698e-02
   2.9510384e-01   0.0000000e+00   1.5454321e-02
   2.5085463e-01   0.0000000e+00  -2.9209617e-02
   1.9744491e-01   1.0842022e-19  -8.5315416e-03
   2.1797341e-01   1.0842022e-19   2.8505335e-02
   3.0261300e-01   0.0000000e+00   8.2799279e-03
   2.3705905e-01   0.0000000e+00  -2.9602037e-02
   1.9785184e-01   0.0000000e+00  -1.4204680e-03
   2.3148871e-01  -5.4210109e-20   2.9548247e-02
   3.0449625e-01   1.3552527e-20  -4.4657527e-03
   2.2153120e-01   0.0000000e+00  -2.9072292e-02
   1.9738039e-01   0.0000000e+00   6.4778955e-03
   2.4662921e-01   0.0000000e+00   2.9527912e-02
   2.9808715e-01   0.0000000e+00  -1.3472898e-02
   2.1327264e-01   0.0000000e+00  -2.7061556e-02
   1.9821979e-01   0.0000000e+00   1.1742123e-02
   2.5827101e-01   0.0000000e+00   2.8142698e-02
   2.8825507e-01   1.0842022e-19  -1.8698127e-02
   2.0808591e-01   0.0000000e+00  -2.2771047e-02
   2.0260637e-01   0.0000000e+00   1.7147860e-02
   2.7379491e-01   0.0000000e+00   2.3882109e-02
   2.7155833e-01   0.0000000e+00  -2.4614256e-02
   2.0182379e-01   0.0000000e+00  -1.6393487e-02
   2.0871402e-01   0.0000000e+00   2.3478291e-02
   2.8980136e-01   0.0000000e+00   1.8095054e-02
   2.5686457e-01   0.0000000e+00  -2.8432476e-02
   1.9794685e-01   0.0000000e+00  -1.1211941e-02
   2.1389952e-01   0.0000000e+00   2.7381784e-02
   2.9891540e-01   0.0000000e+00   1.2801030e-02
   2.4526349e-01   0.0000000e+00  -2.9591792e-02
   1.9740307e-01   0.0000000e+00  -5.7870914e-03
   2.2280111e-01   0.0000000e+00   2.9210721e-02
   3.0489718e-01   0.0000000e+00   3.1720207e-03
   2.2982498e-01   0.0000000e+00  -2.9528319e-02
   1.9778013e-01   8.4703295e-22   2.2428950e-03
   2.3860923e-01   0.0000000e+00   2.9621327e-02
   3.0200866e-01   0.0000000e+00  -9.2179871e-03
   2.1712809e-01   0.0000000e+00  -2.8338243e-02
   1.9747525e-01   0.0000000e+00   9.0376659e-03
   2.5190993e-01   0.0000000e+00   2.9114327e-02
   2.9429980e-01   2.7105054e-20  -1.5928205e-02
   2.1090677e-01   0.0000000e+00  -2.5470775e-02
   1.9974562e-01   0.0000000e+00   1.4006252e-02
   2.6462624e-01   1.0842022e-19   2.6607674e-02
   2.8108509e-01   0.0000000e+00  -2.1311106e-02
   2.0534655e-01   0.0000000e+00  -1.9746023e-02
   2.0579818e-01   5.4210109e-20   2.0206990e-02
   2.8226715e-01   2.7105054e-20   2.0882619e-02
   2.6355004e-01   0.0000000e+00  -2.6882266e-02
   1.9946929e-01  -5.4210109e-20  -1.3625069e-02
   2.1129183e-01   0.0000000e+00   2.5754674e-02
   2.9497028e-01   0.0000000e+00   1.5534854e-02
   2.5103290e-01   0.0000000e+00  -2.9194314e-02
   1.9744908e-01   0.0000000e+00  -8.6176461e-03
   2.1782784e-01   0.0000000e+00   2.8477976e-02
   3.0251396e-01   0.0000000e+00   8.4406698e-03
   2.3731948e-01   0.0000000e+00  -2.9605488e-02
   1.9784140e-01   0.0000000e+00  -1.5579010e-03
   2.3121154e-01   6.7762636e-21   2.9545684e-02
   3.0457078e-01   0.0000000e+00  -4.2551209e-03
   2.2173579e-01  -3.3881318e-21  -2.9097232e-02
   1.9738190e-01   0.0000000e+00   6.3648216e-03
   2.4640237e-01  -5.4210109e-20   2.9540565e-02
   2.9823152e-01   1.0842022e-19  -1.3362371e-02
   2.1337657e-01   1.0842022e-19  -2.7119281e-02
   1.9816825e-01   0.0000000e+00   1.1650545e-02
   2.5802256e-01   1.0842022e-19   2.8196406e-02
   2.8853407e-01   1.0842022e-19  -1.8592106e-02
   2.0819636e-01   0.0000000e+00  -2.2898172e-02
   2.0246508e-01   0.0000000e+00   1.7014471e-02
   2.7340040e-01   0.0000000e+00   2.4013839e-02
   2.7194852e-01   0.0000000e+00  -2.4489313e-02
   2.0195674e-01   5.4210109e-20  -1.6524865e-02
   2.0860434e-01   0.0000000e+00   2.3357251e-02
   2.8953725e-01   0.0000000e+00   1.8201109e-02
   2.5711112e-01  -1.0842022e-19  -2.8384472e-02
   1.9799073e-01   0.0000000e+00  -1.1307107e-02
   2.1378212e-01   5.4210109e-20   2.7326950e-02
   2.9876800e-01   0.0000000e+00   1.2927803e-02
   2.4551871e-01   0.0000000e+00  -2.9582120e-02
   1.9739620e-01   0.0000000e+00  -5.9180586e-03
   2.2255642e-01   0.0000000e+00   2.9187070e-02
   3.0483055e-01   0.0000000e+00   3.4184030e-03
   2.3013453e-01   0.0000000e+00  -2.9532971e-02
   1.9779433e-01   0.0000000e+00   2.0900673e-03
   2.3832224e-01  -5.4210109e-20   2.9618071e-02
   3.0212349e-01   2.7105054e-20  -9.0477982e-03
   2.1728111e-01   2.7105054e-20  -2.8369990e-02
   1.9746866e-01   0.0000000e+00   8.9450368e-03
   2.5171576e-01   1.0842022e-19   2.9132817e-02
   2.9445093e-01   0.0000000e+00  -1.5841271e-02
   2.1099221e-01   0.0000000e+00  -2.5535134e-02
   1.9968249e-01   0.0000000e+00   1.3920871e-02
   2.6438472e-01   0.0000000e+00   2.6670109e-02
   2.8134980e-01  -3.3881318e-21  -2.1215365e-02
   2.0544753e-01  -1.0842022e-19  -1.9848058e-02
   2.0569953e-01   0.0000000e+00   2.0105065e-02
