   2.2860046e-01  -5.4210109e-20  -2.9503950e-02
   1.9771743e-01   0.0000000e+00   2.8487770e-03
   2.3974480e-01   5.4210109e-20   2.9631499e-02
   3.0154132e-01   0.0000000e+00  -9.8768573e-03
   2.1653719e-01   1.0842022e-19  -2.8206742e-02
   1.9751049e-01  -1.0842022e-19   9.4022041e-03
   2.5268672e-01   0.0000000e+00   2.9034559e-02
   2.9367683e-01  -1.0842022e-19  -1.6273541e-02
   2.1056523e-01  -6.7762636e-21  -2.5202924e-02
   2.0001236e-01  -5.4210109e-20   1.4354290e-02
   2.6561896e-01   0.0000000e+00   2.6345718e-02
   2.8000273e-01   0.0000000e+00  -2.1700762e-02
   2.0493444e-01   0.0000000e+00  -1.9334826e-02
   2.0619010e-01   0.0000000e+00   2.0616513e-02
   2.8329086e-01   0.0000000e+00   2.0509722e-02
   2.6262549e-01   0.0000000e+00  -2.7111110e-02
   1.9924128e-01   0.0000000e+00  -1.3294618e-02
   2.1163435e-01   1.3552527e-20   2.5993368e-02
   2.9554220e-01   0.0000000e+00   1.5181966e-02
   2.5025450e-01   6.7762636e-21  -2.9258103e-02
   1.9743532e-01   0.0000000e+00  -8.2391866e-03
   2.1847231e-01   0.0000000e+00   2.8594598e-02
   3.0293811e-01   0.0000000e+00   7.7296668e-03
   2.3618529e-01   0.0000000e+00  -2.9589327e-02
   1.9788449e-01  -6.7762636e-21  -9.6008808e-04
   2.3241802e-01   0.0000000e+00   2.9554431e-02
   3.0422548e-01   0.0000000e+00  -5.1558199e-03
   2.2086846e-01   2.7105054e-20  -2.8982685e-02
   1.9738555e-01   0.0000000e+00   6.8513278e-03
   2.4738983e-01  -2.1684043e-19   2.9478944e-02
   2.9758204e-01   0.0000000e+00  -1.3840648e-02
   2.1292426e-01   0.0000000e+00  -2.6853559e-02
   1.9841297e-01  -1.0842022e-19   1.2060434e-02
   2.5915133e-01   0.0000000e+00   2.7944728e-02
   2.8725064e-01  -5.4210109e-20  -1.9071706e-02
   2.0769553e-01  -1.0842022e-19  -2.2316649e-02
   2.0311095e-01   3.3881318e-21   1.7618224e-02
   2.7517760e-01   0.0000000e+00   2.3411355e-02
   2.7020229e-01  -3.3881318e-21  -2.5037893e-02
   2.0137369e-01   5.4210109e-20  -1.5934973e-02
   2.0910589e-01   0.0000000e+00   2.3891470e-02
   2.9070855e-01  -2.7105054e-20   1.7716208e-02
   2.5598790e-01   0.0000000e+00  -2.8590977e-02
   1.9780864e-01  -5.4210109e-20  -1.0861556e-02
   2.1435479e-01   0.0000000e+00   2.7571736e-02
   2.9945301e-01   0.0000000e+00   1.2305256e-02
   2.4427590e-01  -1.3552527e-20  -2.9619044e-02
   1.9744277e-01   0.0000000e+00  -5.2723100e-03
   2.2378155e-01   0.0000000e+00   2.9291805e-02
   3.0510485e-01   0.0000000e+00   2.2007494e-03
   2.2863687e-01   0.0000000e+00  -2.9504775e-02
   1.9771973e-01   0.0000000e+00   2.8308612e-03
   2.3971162e-01   0.0000000e+00   2.9631214e-02
   3.0155537e-01   0.0000000e+00  -9.8577726e-03
   2.1655433e-01   0.0000000e+00  -2.8210680e-02
   1.9750945e-01   0.0000000e+00   9.3915548e-03
   2.5266425e-01   0.0000000e+00   2.9036975e-02
   2.9369546e-01   0.0000000e+00  -1.6263448e-02
   2.1057499e-01  -1.0842022e-19  -2.5210950e-02
   2.0000477e-01   0.0000000e+00   1.4343970e-02
   2.6558985e-01   0.0000000e+00   2.6353539e-02
   2.8003396e-01   0.0000000e+00  -2.1689336e-02
   2.0494673e-01   0.0000000e+00  -1.9346714e-02
   2.0617899e-01  -5.4210109e-20   2.0604651e-02
   2.8326118e-01  -1.0842022e-19   2.0520355e-02
   2.6265132e-01   1.0842022e-19  -2.7104682e-02
   1.9924799e-01   0.0000000e+00  -1.3303937e-02
   2.1162452e-01   0.0000000e+00   2.5986681e-02
   2.9552593e-01   5.4210109e-20   1.5191989e-02
   2.5027623e-01   0.0000000e+00  -2.9256339e-02
   1.9743604e-01   1.3552527e-20  -8.2498446e-03
   2.1845405e-01   0.0000000e+00   2.8591379e-02
   3.0292556e-01   0.0000000e+00   7.7497222e-03
   2.3621631e-01   0.0000000e+00  -2.9589774e-02
   1.9788332e-01   0.0000000e+00  -9.7652983e-04
   2.3238526e-01   0.0000000e+00   2.9554206e-02
   3.0423468e-01   0.0000000e+00  -5.1316690e-03
   2.2089165e-01  -1.0842022e-19  -2.8985941e-02
   1.9738492e-01   0.0000000e+00   6.8382578e-03
   2.4736266e-01   0.0000000e+00   2.9480793e-02
   2.9760015e-01  -5.4210109e-20  -1.3827780e-02
   2.1293600e-01   1.0842022e-19  -2.6861177e-02
   1.9840559e-01   0.0000000e+00   1.2049079e-02
   2.5911973e-01   0.0000000e+00   2.7951989e-02
   2.8728744e-01   0.0000000e+00  -1.9058307e-02
   2.0770926e-01   0.0000000e+00  -2.2332979e-02
   2.0309263e-01   0.0000000e+00   1.7601505e-02
   2.7512900e-01   0.0000000e+00   2.3428182e-02
   2.7024944e-01   0.0000000e+00  -2.5023297e-02
   2.0138954e-01   0.0000000e+00  -1.5951068e-02
   2.0909203e-01   0.0000000e+00   2.3877151e-02
   2.9067704e-01   0.0000000e+00   1.7729760e-02
   2.5601906e-01   1.0842022e-19  -2.8585624e-02
   1.9781351e-01   2.7105054e-20  -1.0874311e-02
   2.1433721e-01   0.0000000e+00   2.7565145e-02
   2.9943438e-01  -2.1684043e-19   1.2324003e-02
   2.4431279e-01  -1.0842022e-19  -2.9618246e-02
   1.9744119e-01  -5.4210109e-20  -5.2917650e-03
   2.2374443e-01   1.0842022e-19   2.9288998e-02
   3.0509792e-01   0.0000000e+00   2.2373929e-03
   2.2868101e-01  -1.0842022e-19  -2.9505766e-02
   1.9772213e-01  -1.0842022e-19   2.8091199e-03
   2.3967095e-01   1.0842022e-19   2.9630894e-02
   3.0157278e-01  -1.0842022e-19  -9.8345633e-03
   2.1657566e-01   0.0000000e+00  -2.8215415e-02
   1.9750842e-01   0.0000000e+00   9.3786018e-03
   2.5263620e-01   0.0000000e+00   2.9039929e-02
   2.9371843e-01   0.0000000e+00  -1.6251164e-02
   2.1058691e-01   0.0000000e+00  -2.5220680e-02
   1.9999500e-01   0.0000000e+00   1.4331496e-02
   2.6555387e-01   0.0000000e+00   2.6363052e-02
   2.8007260e-01  -5.4210109e-20  -2.1675446e-02
   2.0496183e-01   6.7762636e-21  -1.9361139e-02
   2.0616565e-01   0.0000000e+00   2.0590214e-02
   2.8322565e-01   0.0000000e+00   2.0533272e-02
   2.6268326e-01   0.0000000e+00  -2.7096834e-02
   1.9925543e-01   0.0000000e+00  -1.3315345e-02
   2.1161245e-01  -1.0842022e-19   2.5978551e-02
   2.9550707e-01   0.0000000e+00   1.5204158e-02
   2.5030282e-01   5.4210109e-20  -2.9254187e-02
   1.9743635e-01   1.0842022e-19  -8.2628514e-03
   2.1843215e-01   0.0000000e+00   2.8587424e-02
   3.0291181e-01  -2.7105054e-20   7.7741200e-03
   2.3625447e-01   0.0000000e+00  -2.9590303e-02
   1.9788186e-01   0.0000000e+00  -9.9657717e-04
   2.3234456e-01   0.0000000e+00   2.9553964e-02
   3.0424714e-01  -5.4210109e-20  -5.1021761e-03
   2.2091943e-01   0.0000000e+00  -2.8989961e-02
   1.9738430e-01   0.0000000e+00   6.8222870e-03
   2.4733001e-01   0.0000000e+00   2.9483012e-02
   2.9762310e-01   0.0000000e+00  -1.3812035e-02
   2.1295086e-01  -1.0842022e-19  -2.6870403e-02
   1.9839698e-01  -5.4210109e-20   1.2035210e-02
   2.5908087e-01   0.0000000e+00   2.7960831e-02
   2.8733130e-01  -1.0842022e-19  -1.9041995e-02
   2.0772635e-01   0.0000000e+00  -2.2352853e-02
   2.0307040e-01   0.0000000e+00   1.7581098e-02
   2.7506905e-01   0.0000000e+00   2.3448728e-02
   2.7030777e-01  -2.7105054e-20  -2.5005435e-02
   2.0140823e-01   1.0842022e-19  -1.5970780e-02
   2.0907530e-01  -1.3552527e-20   2.3859627e-02
   2.9063822e-01   0.0000000e+00   1.7746266e-02
   2.5605702e-01   0.0000000e+00  -2.8579078e-02
   1.9781900e-01   0.0000000e+00  -1.0889840e-02
   2.1431640e-01   5.4210109e-20   2.7557050e-02
   2.9940991e-01   1.0842022e-19   1.2346768e-02
   2.4435753e-01  -1.0842022e-19  -2.9617270e-02
   1.9743941e-01   0.0000000e+00  -5.3153496e-03
   2.2369860e-01   0.0000000e+00   2.9285635e-02
   3.0509014e-01   0.0000000e+00   2.2818218e-03
   2.2873398e-01   0.0000000e+00  -2.9506991e-02
   1.9772475e-01  -1.0842022e-19   2.7827158e-03
   2.3962135e-01   0.0000000e+00   2.9630496e-02
   3.0159280e-01   5.4210109e-20  -9.8063464e-03
   2.1660041e-01  -1.0842022e-19  -2.8221269e-02
   1.9750664e-01   1.0842022e-19   9.3628946e-03
   2.5260252e-01  -5.4210109e-20   2.9043487e-02
   2.9374513e-01   0.0000000e+00  -1.6236279e-02
   2.1060173e-01   0.0000000e+00  -2.5232439e-02
   1.9998294e-01   0.0000000e+00   1.4316379e-02
   2.6551086e-01   0.0000000e+00   2.6374554e-02
   2.8011967e-01   0.0000000e+00  -2.1658571e-02
   2.0497948e-01   1.0842022e-19  -1.9378736e-02
   2.0614951e-01  -1.0842022e-19   2.0572662e-02
   2.8318290e-01   0.0000000e+00   2.0548980e-02
   2.6272233e-01   0.0000000e+00  -2.7087264e-02
   1.9926481e-01   0.0000000e+00  -1.3329210e-02
   2.1159811e-01   0.0000000e+00   2.5968599e-02
   2.9548274e-01   0.0000000e+00   1.5219019e-02
   2.5033559e-01   0.0000000e+00  -2.9251550e-02
   1.9743661e-01   0.0000000e+00  -8.2786977e-03
   2.1840505e-01   1.0842022e-19   2.8582643e-02
   3.0289470e-01   0.0000000e+00   7.8038461e-03
   2.3630137e-01  -2.7105054e-20  -2.9590939e-02
   1.9788032e-01   0.0000000e+00  -1.0210398e-03
   2.3229530e-01   5.4210109e-20   2.9553648e-02
   3.0426210e-01   0.0000000e+00  -5.0661062e-03
   2.2095387e-01   5.4210109e-20  -2.8994804e-02
   1.9738401e-01   0.0000000e+00   6.8027520e-03
   2.4729047e-01   0.0000000e+00   2.9485696e-02
   2.9764924e-01   0.0000000e+00  -1.3792829e-02
   2.1296928e-01   5.4210109e-20  -2.6881599e-02
   1.9838674e-01  -1.3552527e-20   1.2018279e-02
   2.5903420e-01   1.3552527e-20   2.7971567e-02
   2.8738517e-01   0.0000000e+00  -1.9022108e-02
   2.0774730e-01   0.0000000e+00  -2.2377067e-02
   2.0304356e-01  -5.4210109e-20   1.7556180e-02
   2.7499634e-01   2.7105054e-20   2.3473757e-02
   2.7037866e-01   1.0842022e-19  -2.4983572e-02
   2.0143107e-01  -1.0842022e-19  -1.5994853e-02
   2.0905465e-01   0.0000000e+00   2.3838225e-02
   2.9059194e-01   0.0000000e+00   1.7766362e-02
   2.5610380e-01  -1.3552527e-20  -2.8571024e-02
   1.9782552e-01   0.0000000e+00  -1.0908754e-02
   2.1429146e-01  -2.7105054e-20   2.7547123e-02
   2.9938167e-01   0.0000000e+00   1.2374300e-02
   2.4441208e-01   0.0000000e+00  -2.9616032e-02
   1.9743693e-01   0.0000000e+00  -5.3439288e-03
   2.2364365e-01  -5.4210109e-20   2.9281481e-02
   3.0508000e-01   0.0000000e+00   2.3356618e-03
   2.2879882e-01   0.0000000e+00  -2.9508427e-02
   1.9772802e-01   0.0000000e+00   2.7506570e-03
   2.3956144e-01   0.0000000e+00   2.9629997e-02
   3.0161871e-01   0.0000000e+00  -9.7720052e-03
   2.1663107e-01  -5.4210109e-20  -2.8228318e-02
   1.9750434e-01   0.0000000e+00   9.3438155e-03
   2.5256205e-01   6.7762636e-21   2.9047770e-02
   2.9377868e-01   0.0000000e+00  -1.6218171e-02
   2.1062005e-01   1.3552527e-20  -2.5246657e-02
   1.9996867e-01   0.0000000e+00   1.4298005e-02
   2.6545834e-01   0.0000000e+00   2.6388494e-02
   2.8017620e-01   0.0000000e+00  -2.1638113e-02
   2.0500094e-01   0.0000000e+00  -1.9400120e-02
   2.0612905e-01   0.0000000e+00   2.0551410e-02
   2.8312976e-01   0.0000000e+00   2.0568134e-02
   2.6276922e-01   0.0000000e+00  -2.7075639e-02
   1.9927651e-01   0.0000000e+00  -1.3346061e-02
   2.1158100e-01   0.0000000e+00   2.5956450e-02
   2.9545380e-01   0.0000000e+00   1.5237071e-02
   2.5037532e-01   0.0000000e+00  -2.9248327e-02
   1.9743723e-01   0.0000000e+00  -8.2979706e-03
   2.1837183e-01   0.0000000e+00   2.8576826e-02
   3.0287345e-01   5.4210109e-20   7.8400272e-03
   2.3635842e-01   1.0842022e-19  -2.9591719e-02
   1.9787852e-01   0.0000000e+00  -1.0508876e-03
   2.3223558e-01   1.3552527e-20   2.9553232e-02
   3.0427988e-01  -5.4210109e-20  -5.0220034e-03
   2.2099639e-01   0.0000000e+00  -2.9000664e-02
   1.9738372e-01  -2.7105054e-20   6.7788611e-03
   2.4724130e-01   1.0842022e-19   2.9488980e-02
   2.9768249e-01   0.0000000e+00  -1.3769328e-02
   2.1299200e-01   0.0000000e+00  -2.6895192e-02
   1.9837391e-01   0.0000000e+00   1.1997670e-02
   2.5897663e-01   0.0000000e+00   2.7984634e-02
   2.8745097e-01   0.0000000e+00  -1.8997859e-02
   2.0777285e-01   0.0000000e+00  -2.2406553e-02
   2.0301092e-01   5.4210109e-20   1.7525778e-02
   2.7490720e-01   0.0000000e+00   2.3504269e-02
   2.7046554e-01  -2.7105054e-20  -2.4956816e-02
   2.0145942e-01   5.4210109e-20  -1.6024207e-02
   2.0902906e-01   0.0000000e+00   2.3812088e-02
   2.9053366e-01   0.0000000e+00   1.7790881e-02
   2.5616013e-01  -1.0842022e-19  -2.8561166e-02
   1.9783377e-01   0.0000000e+00  -1.0931702e-02
   2.1426124e-01   0.0000000e+00   2.7535006e-02
   2.9934619e-01   0.0000000e+00   1.2407610e-02
   2.4447836e-01   0.0000000e+00  -2.9614461e-02
   1.9743375e-01   0.0000000e+00  -5.3784806e-03
   2.2357771e-01  -1.3552527e-20   2.9276360e-02
   3.0506814e-01   0.0000000e+00   2.4007409e-03
   2.2887774e-01  -6.7762636e-21  -2.9510101e-02
   1.9773220e-01   0.0000000e+00   2.7118058e-03
   2.3948916e-01   0.0000000e+00   2.9629362e-02
   3.0164794e-01   0.0000000e+00  -9.7303181e-03
   2.1666869e-01  -2.7105054e-20  -2.8236790e-02
   1.9750190e-01   0.0000000e+00   9.3206544e-03
   2.5251220e-01   1.0842022e-19   2.9052967e-02
   2.9381843e-01   0.0000000e+00  -1.6196224e-02
   2.1064179e-01   1.0842022e-19  -2.5263864e-02
   1.9995170e-01   0.0000000e+00   1.4275757e-02
   2.6539479e-01   5.4210109e-20   2.6405343e-02
   2.8024553e-01   0.0000000e+00  -2.1613293e-02
   2.0502709e-01  -1.0842022e-19  -1.9426038e-02
   2.0610443e-01   0.0000000e+00   2.0525611e-02
   2.8306639e-01   0.0000000e+00   2.0591355e-02
   2.6282700e-01   0.0000000e+00  -2.7061460e-02
   1.9929097e-01  -1.3552527e-20  -1.3366529e-02
   2.1155965e-01   1.0842022e-19   2.5941707e-02
   2.9541894e-01   1.0842022e-19   1.5258988e-02
   2.5042323e-01   0.0000000e+00  -2.9244422e-02
   1.9743823e-01  -2.7105054e-20  -8.3213836e-03
   2.1833201e-01   0.0000000e+00   2.8569693e-02
   3.0284833e-01   1.0842022e-19   7.8839968e-03
   2.3642736e-01   0.0000000e+00  -2.9592694e-02
   1.9787633e-01   5.4210109e-20  -1.0872623e-03
   2.3216226e-01   0.0000000e+00   2.9552757e-02
   3.0430208e-01   0.0000000e+00  -4.9680906e-03
   2.2104780e-01   1.0842022e-19  -2.9007836e-02
   1.9738362e-01   6.7762636e-21   6.7496733e-03
   2.4718165e-01   5.4210109e-20   2.9492935e-02
   2.9772229e-01   0.0000000e+00  -1.3740631e-02
   2.1301897e-01   0.0000000e+00  -2.6911773e-02
   1.9835812e-01   0.0000000e+00   1.1972596e-02
   2.5890699e-01   0.0000000e+00   2.8000449e-02
   2.8753030e-01   0.0000000e+00  -1.8968394e-02
   2.0780381e-01   0.0000000e+00  -2.2442415e-02
   2.0297139e-01   0.0000000e+00   1.7488770e-02
   2.7479916e-01   0.0000000e+00   2.3541359e-02
   2.7057117e-01   1.0842022e-19  -2.4924089e-02
   2.0149419e-01   0.0000000e+00  -1.6059982e-02
   2.0899816e-01   1.0842022e-19   2.3780126e-02
   2.9046393e-01   0.0000000e+00   1.7820631e-02
   2.5622897e-01   0.0000000e+00  -2.8549067e-02
   1.9784429e-01   0.0000000e+00  -1.0959489e-02
   2.1422420e-01   0.0000000e+00   2.7520294e-02
   2.9930410e-01   0.0000000e+00   1.2447683e-02
   2.4455746e-01   0.0000000e+00  -2.9612528e-02
   1.9743006e-01   0.0000000e+00  -5.4200812e-03
   2.2349791e-01  -1.0842022e-19   2.9270139e-02
   3.0505224e-01   0.0000000e+00   2.4791359e-03
   2.2897230e-01   1.0842022e-19  -2.9512135e-02
   1.9773723e-01   5.4210109e-20   2.6648753e-03
   2.3940121e-01   1.0842022e-19   2.9628601e-02
   3.0168536e-01   0.0000000e+00  -9.6798002e-03
   2.1671407e-01   0.0000000e+00  -2.8247001e-02
   1.9749919e-01   0.0000000e+00   9.2926331e-03
   2.5245236e-01   0.0000000e+00   2.9059191e-02
   2.9386666e-01   0.0000000e+00  -1.6169709e-02
   2.1066778e-01  -1.0842022e-19  -2.5284637e-02
   1.9993137e-01   6.7762636e-21   1.4248909e-02
   2.6531858e-01  -1.0842022e-19   2.6425597e-02
   2.8032802e-01   0.0000000e+00  -2.1583402e-02
   2.0505877e-01  -5.4210109e-20  -1.9457351e-02
   2.0607480e-01   0.0000000e+00   2.0494413e-02
   2.8298850e-01   0.0000000e+00   2.0619530e-02
   2.6289634e-01  -1.0842022e-19  -2.7044281e-02
   1.9930804e-01   0.0000000e+00  -1.3391381e-02
   2.1153367e-01   0.0000000e+00   2.5923845e-02
   2.9537562e-01   0.0000000e+00   1.5285558e-02
   2.5048182e-01   0.0000000e+00  -2.9239657e-02
   1.9743958e-01   0.0000000e+00  -8.3497464e-03
   2.1828408e-01   0.0000000e+00   2.8560987e-02
   3.0281670e-01   0.0000000e+00   7.9372705e-03
   2.3651156e-01  -5.4210109e-20  -2.9593869e-02
