   2.5267562e-01   0.0000000e+00   2.9037775e-02
   2.9369247e-01   0.0000000e+00  -1.6268089e-02
   2.1057090e-01   0.0000000e+00  -2.5211466e-02
   2.0000209e-01   0.0000000e+00   1.4345152e-02
   2.6558860e-01   0.0000000e+00   2.6355499e-02
   2.8003955e-01  -1.0842022e-19  -2.1688940e-02
   2.0494698e-01   0.0000000e+00  -1.9350081e-02
   2.0617380e-01   0.0000000e+00   2.0602515e-02
   2.8325269e-01   1.0842022e-19   2.0525248e-02
   2.6266344e-01   0.0000000e+00  -2.7103509e-02
   1.9924843e-01   0.0000000e+00  -1.3310084e-02
   2.1161469e-01   1.0842022e-19   2.5983859e-02
   2.9551450e-01  -5.4210109e-20   1.5202701e-02
   2.5030059e-01   0.0000000e+00  -2.9256425e-02
   1.9743305e-01   2.7105054e-20  -8.2639145e-03
   2.1842651e-01   0.0000000e+00   2.8588687e-02
   3.0291085e-01  -5.4210109e-20   7.7804148e-03
   2.3626481e-01  -1.0842022e-19  -2.9591799e-02
   1.9787989e-01   0.0000000e+00  -1.0033328e-03
   2.3232886e-01   0.0000000e+00   2.9555104e-02
   3.0425436e-01  -5.4210109e-20  -5.0901146e-03
   2.2093171e-01  -1.0842022e-19  -2.8993320e-02
   1.9738182e-01   0.0000000e+00   6.8138790e-03
   2.4730914e-01   0.0000000e+00   2.9486079e-02
   2.9764157e-01   2.7105054e-20  -1.3801693e-02
   2.1296149e-01   0.0000000e+00  -2.6879884e-02
   1.9838603e-01   0.0000000e+00   1.2022879e-02
   2.5904230e-01  -1.0842022e-19   2.7971128e-02
   2.8738025e-01   1.0842022e-19  -1.9025529e-02
   2.0774387e-01   0.0000000e+00  -2.2375687e-02
   2.0304448e-01   0.0000000e+00   1.7558408e-02
   2.7500042e-01   1.0842022e-19   2.3473346e-02
   2.7037702e-01   0.0000000e+00  -2.4985101e-02
   2.0142935e-01   0.0000000e+00  -1.5995232e-02
   2.0905204e-01  -5.4210109e-20   2.3838828e-02
   2.9058995e-01   0.0000000e+00   1.7768636e-02
   2.5610922e-01   0.0000000e+00  -2.8571521e-02
   1.9782411e-01   0.0000000e+00  -1.0912636e-02
   2.1428345e-01   0.0000000e+00   2.7546311e-02
   2.9937482e-01   0.0000000e+00   1.2383447e-02
   2.4443079e-01  -1.0842022e-19  -2.9616794e-02
   1.9743359e-01   0.0000000e+00  -5.3549732e-03
   2.2362088e-01   0.0000000e+00   2.9280763e-02
   3.0507774e-01  -2.7105054e-20   2.3586929e-03
   2.2882712e-01   0.0000000e+00  -2.9509962e-02
   1.9772806e-01   0.0000000e+00   2.7358601e-03
   2.3953198e-01   1.0842022e-19   2.9630804e-02
   3.0163285e-01  -1.0842022e-19  -9.7547440e-03
   2.1664743e-01   0.0000000e+00  -2.8233770e-02
   1.9750043e-01   0.0000000e+00   9.3322290e-03
   2.5253304e-01   0.0000000e+00   2.9052442e-02
   2.9380657e-01   0.0000000e+00  -1.6205208e-02
   2.1063301e-01   1.0842022e-19  -2.5260343e-02
   1.9995377e-01   1.3552527e-20   1.4281866e-02
   2.6540865e-01   0.0000000e+00   2.6403066e-02
   2.8023404e-01   0.0000000e+00  -2.1618712e-02
   2.0502130e-01   0.0000000e+00  -1.9422839e-02
   2.0610575e-01   0.0000000e+00   2.0529815e-02
   2.8307412e-01   0.0000000e+00   2.0590030e-02
   2.6282395e-01   0.0000000e+00  -2.7063739e-02
   1.9928806e-01   0.0000000e+00  -1.3366879e-02
   2.1155632e-01   0.0000000e+00   2.5942792e-02
   2.9541722e-01  -1.0842022e-19   1.5262747e-02
   2.5043222e-01  -5.4210109e-20  -2.9245389e-02
   1.9743593e-01   0.0000000e+00  -8.3275395e-03
   2.1831891e-01   0.0000000e+00   2.8569059e-02
   3.0284151e-01  -1.0842022e-19   7.8991104e-03
   2.3645153e-01   0.0000000e+00  -2.9594142e-02
   1.9787382e-01  -2.7105054e-20  -1.1010865e-03
   2.3213213e-01   0.0000000e+00   2.9553596e-02
   3.0431266e-01  -1.0842022e-19  -4.9458382e-03
   2.2106926e-01   0.0000000e+00  -2.9012220e-02
   1.9738120e-01  -1.0842022e-19   6.7361347e-03
   2.4715125e-01  -2.7105054e-20   2.9496284e-02
   2.9774654e-01   5.4210109e-20  -1.3725615e-02
   2.1303354e-01   0.0000000e+00  -2.6923210e-02
   1.9834577e-01   0.0000000e+00   1.1956891e-02
   2.5886033e-01   0.0000000e+00   2.8012303e-02
   2.8758817e-01   0.0000000e+00  -1.8948321e-02
   2.0782494e-01  -3.3881318e-21  -2.2469110e-02
   2.0294079e-01   0.0000000e+00   1.7461923e-02
   2.7471813e-01   0.0000000e+00   2.3569809e-02
   2.7065214e-01   5.4210109e-20  -2.4899815e-02
   2.0151975e-01   0.0000000e+00  -1.6088094e-02
   2.0897264e-01   0.0000000e+00   2.3755666e-02
   2.9040788e-01   1.0842022e-19   1.7845536e-02
   2.5628722e-01   1.3552527e-20  -2.8539981e-02
   1.9785134e-01   2.7105054e-20  -1.0984095e-02
   2.1418959e-01  -1.0842022e-19   2.7508152e-02
   2.9926594e-01   1.0842022e-19   1.2485841e-02
   2.4463352e-01   0.0000000e+00  -2.9611603e-02
   1.9742522e-01   1.0842022e-19  -5.4609677e-03
   2.2341778e-01   0.0000000e+00   2.9264711e-02
   3.0503882e-01   0.0000000e+00   2.5581199e-03
   2.2906825e-01   1.0842022e-19  -2.9514927e-02
   1.9774090e-01   0.0000000e+00   2.6165539e-03
   2.3930887e-01  -1.0842022e-19   2.9628682e-02
   3.0172470e-01   0.0000000e+00  -9.6264678e-03
   2.1676199e-01  -1.0842022e-19  -2.8259388e-02
   1.9749383e-01   0.0000000e+00   9.2614496e-03
   2.5238295e-01   0.0000000e+00   2.9067763e-02
   2.9392736e-01  -1.0842022e-19  -1.6138530e-02
   2.1069895e-01   0.0000000e+00  -2.5311798e-02
   1.9990293e-01   0.0000000e+00   1.4214991e-02
   2.6521839e-01  -5.4210109e-20   2.6453149e-02
   2.8044024e-01   0.0000000e+00  -2.1544300e-02
   2.0509994e-01  -5.4210109e-20  -1.9500402e-02
   2.0603271e-01   0.0000000e+00   2.0452336e-02
   2.8288199e-01   2.7105054e-20   2.0659601e-02
   2.6299562e-01   0.0000000e+00  -2.7020959e-02
   1.9933067e-01   0.0000000e+00  -1.3428058e-02
   2.1149332e-01   0.0000000e+00   2.5898478e-02
   2.9531253e-01  -6.7762636e-21   1.5327455e-02
   2.5057505e-01   0.0000000e+00  -2.9233433e-02
   1.9743898e-01  -2.7105054e-20  -8.3963627e-03
   2.1820201e-01   0.0000000e+00   2.8547765e-02
   3.0276573e-01   0.0000000e+00   8.0276731e-03
   2.3665530e-01   0.0000000e+00  -2.9596773e-02
   1.9786677e-01  -5.4210109e-20  -1.2079718e-03
   2.3191706e-01  -5.4210109e-20   2.9551906e-02
   3.0437534e-01   0.0000000e+00  -4.7865951e-03
   2.2122190e-01   0.0000000e+00  -2.9032663e-02
   1.9738063e-01   0.0000000e+00   6.6503434e-03
   2.4697738e-01   1.0842022e-19   2.9507235e-02
   2.9786163e-01  -1.0842022e-19  -1.3641590e-02
   2.1311308e-01   1.0842022e-19  -2.6970273e-02
   1.9830227e-01   0.0000000e+00   1.1884636e-02
   2.5866073e-01   5.4210109e-20   2.8056907e-02
   2.8781424e-01   0.0000000e+00  -1.8863883e-02
   2.0791268e-01   0.0000000e+00  -2.2571360e-02
   2.0282741e-01  -5.4210109e-20   1.7356077e-02
   2.7440752e-01   0.0000000e+00   2.3675445e-02
   2.7095600e-01   0.0000000e+00  -2.4804894e-02
   2.0162053e-01   5.4210109e-20  -1.6190561e-02
   2.0888558e-01  -1.0842022e-19   2.3663260e-02
   2.9020587e-01   1.0842022e-19   1.7929814e-02
   2.5648178e-01  -5.4210109e-20  -2.8504590e-02
   1.9788240e-01  -2.7105054e-20  -1.1061770e-02
   2.1408914e-01  -5.4210109e-20   2.7465892e-02
   2.9914726e-01   0.0000000e+00   1.2595304e-02
   2.4485151e-01   5.4210109e-20  -2.9605418e-02
   1.9741709e-01  -1.0842022e-19  -5.5743156e-03
   2.2320214e-01  -5.4210109e-20   2.9246749e-02
   3.0499247e-01   1.0842022e-19   2.7715789e-03
   2.2932911e-01   0.0000000e+00  -2.9519907e-02
   1.9775498e-01   0.0000000e+00   2.4877157e-03
   2.3906785e-01   0.0000000e+00   2.9626285e-02
   3.0182333e-01   1.0842022e-19  -9.4867633e-03
   2.1688693e-01   0.0000000e+00  -2.8286863e-02
   1.9748699e-01   0.0000000e+00   9.1845999e-03
   2.5221994e-01   0.0000000e+00   2.9084131e-02
   2.9405657e-01   0.0000000e+00  -1.6066176e-02
   2.1077039e-01   0.0000000e+00  -2.5367160e-02
   1.9984824e-01  -3.3881318e-21   1.4142707e-02
   2.6501314e-01   1.0842022e-19   2.6507023e-02
   2.8066305e-01   0.0000000e+00  -2.1463697e-02
   2.0518528e-01   0.0000000e+00  -1.9584948e-02
   2.0595262e-01   1.0842022e-19   2.0367901e-02
   2.8267133e-01   0.0000000e+00   2.0735961e-02
   2.6318502e-01   1.0842022e-19  -2.6973780e-02
   1.9937783e-01   0.0000000e+00  -1.3495391e-02
   2.1142410e-01   0.0000000e+00   2.5849559e-02
   2.9519557e-01   0.0000000e+00   1.5398653e-02
   2.5073158e-01   0.0000000e+00  -2.9220230e-02
   1.9744222e-01   0.0000000e+00  -8.4722674e-03
   2.1807316e-01  -1.0842022e-19   2.8524122e-02
   3.0268084e-01   0.0000000e+00   8.1695361e-03
   2.3688204e-01   0.0000000e+00  -2.9599760e-02
   1.9785868e-01  -1.0842022e-19  -1.3270817e-03
   2.3167729e-01   1.3552527e-20   2.9549942e-02
   3.0444357e-01   0.0000000e+00  -4.6073678e-03
   2.2139473e-01   0.0000000e+00  -2.9055092e-02
   1.9738019e-01   0.0000000e+00   6.5538815e-03
   2.4678197e-01   0.0000000e+00   2.9519103e-02
   2.9798940e-01   0.0000000e+00  -1.3547111e-02
   2.1320237e-01   0.0000000e+00  -2.7022069e-02
   1.9825487e-01   0.0000000e+00   1.1804293e-02
   2.5844024e-01   0.0000000e+00   2.8105743e-02
   2.8806392e-01   0.0000000e+00  -1.8770204e-02
   2.0801046e-01  -1.0842022e-19  -2.2684525e-02
   2.0270196e-01   0.0000000e+00   1.7238370e-02
   2.7406123e-01   0.0000000e+00   2.3792557e-02
   2.7129636e-01   0.0000000e+00  -2.4697713e-02
   2.0173459e-01   0.0000000e+00  -1.6305163e-02
   2.0878886e-01   0.0000000e+00   2.3559102e-02
   2.8997844e-01   1.0842022e-19   1.8023433e-02
   2.5669870e-01   0.0000000e+00  -2.8464207e-02
   1.9791831e-01  -2.7105054e-20  -1.1147257e-02
   2.1398049e-01   0.0000000e+00   2.7418432e-02
   2.9901589e-01   0.0000000e+00   1.2713486e-02
   2.4508807e-01   0.0000000e+00  -2.9597957e-02
   1.9740841e-01   0.0000000e+00  -5.6966849e-03
   2.2297121e-01   0.0000000e+00   2.9226410e-02
   3.0493844e-01   0.0000000e+00   3.0020225e-03
   2.2961379e-01  -2.1684043e-19  -2.9524904e-02
   1.9776909e-01   0.0000000e+00   2.3473024e-03
   2.3880493e-01   0.0000000e+00   2.9623544e-02
   3.0193002e-01  -1.0842022e-19  -9.3330818e-03
   2.1702492e-01  -5.4210109e-20  -2.8316531e-02
   1.9747982e-01   0.0000000e+00   9.1003699e-03
   2.5204181e-01   0.0000000e+00   2.9101695e-02
   2.9419674e-01   5.4210109e-20  -1.5986945e-02
   2.1084851e-01   0.0000000e+00  -2.5427140e-02
   1.9978905e-01   0.0000000e+00   1.4063983e-02
   2.6479001e-01   0.0000000e+00   2.6565335e-02
   2.8090641e-01   0.0000000e+00  -2.1375694e-02
   2.0527851e-01   0.0000000e+00  -1.9677785e-02
   2.0586418e-01   0.0000000e+00   2.0275153e-02
   2.8243876e-01  -5.4210109e-20   2.0820383e-02
   2.6339511e-01  -1.0842022e-19  -2.6921316e-02
   1.9943025e-01   0.0000000e+00  -1.3570040e-02
   2.1134751e-01   0.0000000e+00   2.5795123e-02
   2.9506603e-01   1.0842022e-19   1.5477345e-02
   2.5090561e-01   5.4210109e-20  -2.9205425e-02
   1.9744596e-01   0.0000000e+00  -8.5563403e-03
   2.1793104e-01   0.0000000e+00   2.8497614e-02
   3.0258522e-01   0.0000000e+00   8.3265933e-03
   2.3713473e-01   0.0000000e+00  -2.9603123e-02
   1.9784905e-01  -1.3552527e-20  -1.4603341e-03
   2.3140825e-01   0.0000000e+00   2.9547618e-02
   3.0451780e-01  -5.4210109e-20  -4.4047312e-03
   2.2159044e-01   0.0000000e+00  -2.9079729e-02
   1.9738039e-01   0.0000000e+00   6.4449826e-03
   2.4656300e-01  -2.7105054e-20   2.9531811e-02
   2.9813080e-01   0.0000000e+00  -1.3440533e-02
   2.1330290e-01  -5.4210109e-20  -2.7078932e-02
   1.9820344e-01   0.0000000e+00   1.1714964e-02
   2.5819686e-01  -1.0842022e-19   2.8158977e-02
   2.8833862e-01  -5.4210109e-20  -1.8666434e-02
   2.0811930e-01   0.0000000e+00  -2.2809338e-02
   2.0256372e-01  -1.0842022e-19   1.7107796e-02
   2.7367660e-01   6.7762636e-21   2.3921884e-02
   2.7167576e-01   0.0000000e+00  -2.4576890e-02
   2.0186363e-01   0.0000000e+00  -1.6433047e-02
   2.0868063e-01   0.0000000e+00   2.3442022e-02
   2.8972260e-01   0.0000000e+00   1.8127195e-02
   2.5693956e-01   0.0000000e+00  -2.8418172e-02
   1.9795985e-01   0.0000000e+00  -1.1241032e-02
   2.1386356e-01   1.3552527e-20   2.7365210e-02
   2.9887110e-01  -1.0842022e-19   1.2840378e-02
   2.4534241e-01   0.0000000e+00  -2.9589017e-02
   1.9740030e-01   0.0000000e+00  -5.8279218e-03
   2.2272431e-01   0.0000000e+00   2.9203576e-02
   3.0487663e-01   0.0000000e+00   3.2490488e-03
   2.2992128e-01   0.0000000e+00  -2.9529911e-02
   1.9778419e-01   0.0000000e+00   2.1952051e-03
   2.3851991e-01   0.0000000e+00   2.9620406e-02
   3.0204460e-01   1.0842022e-19  -9.1649445e-03
   2.1717629e-01   3.3881318e-21  -2.8348326e-02
   1.9747268e-01  -5.4210109e-20   9.0085999e-03
   2.5184877e-01   0.0000000e+00   2.9120354e-02
   2.9434798e-01   1.0842022e-19  -1.5900731e-02
   2.1093337e-01   0.0000000e+00  -2.5491574e-02
   1.9972561e-01   0.0000000e+00   1.3978893e-02
   2.6454862e-01   0.0000000e+00   2.6627911e-02
   2.8116995e-01   0.0000000e+00  -2.1280382e-02
   2.0537960e-01   0.0000000e+00  -1.9778893e-02
   2.0576652e-01   0.0000000e+00   2.0174172e-02
   2.8218373e-01   1.0842022e-19   2.0912965e-02
   2.6362595e-01   0.0000000e+00  -2.6863340e-02
   1.9948842e-01  -1.0842022e-19  -1.3652071e-02
   2.1126357e-01   5.4210109e-20   2.5734983e-02
   2.9492330e-01  -1.0842022e-19   1.5563445e-02
   2.5109663e-01   0.0000000e+00  -2.9188931e-02
   1.9745035e-01  -5.4210109e-20  -8.6484148e-03
   2.1777629e-01   0.0000000e+00   2.8468155e-02
   3.0247853e-01   0.0000000e+00   8.4983315e-03
   2.3741320e-01   0.0000000e+00  -2.9606831e-02
   1.9783693e-01   0.0000000e+00  -1.6076730e-03
   2.3111024e-01   0.0000000e+00   2.9544812e-02
   3.0459758e-01   0.0000000e+00  -4.1781366e-03
   2.2181018e-01  -1.0842022e-19  -2.9106284e-02
   1.9738201e-01   0.0000000e+00   6.3234551e-03
   2.4631949e-01   0.0000000e+00   2.9545103e-02
   2.9828477e-01   0.0000000e+00  -1.3321814e-02
   2.1341459e-01   0.0000000e+00  -2.7140206e-02
   1.9814898e-01   0.0000000e+00   1.1617193e-02
   2.5793260e-01  -3.3881318e-21   2.8215795e-02
   2.8863509e-01   0.0000000e+00  -1.8553474e-02
   2.0823675e-01   0.0000000e+00  -2.2944482e-02
   2.0241394e-01   0.0000000e+00   1.6965681e-02
   2.7325593e-01   0.0000000e+00   2.4061920e-02
   2.7209195e-01   5.4210109e-20  -2.4443092e-02
   2.0200639e-01   0.0000000e+00  -1.6573245e-02
   2.0856329e-01   0.0000000e+00   2.3312525e-02
   2.8943976e-01   0.0000000e+00   1.8240148e-02
   2.5720165e-01   0.0000000e+00  -2.8366575e-02
   1.9800716e-01   0.0000000e+00  -1.1342037e-02
   2.1374009e-01   0.0000000e+00   2.7306546e-02
   2.9871434e-01   1.0842022e-19   1.2973853e-02
   2.4561170e-01  -5.4210109e-20  -2.9578446e-02
   1.9739357e-01   0.0000000e+00  -5.9657201e-03
   2.2246725e-01   0.0000000e+00   2.9178279e-02
   3.0480584e-01  -1.0842022e-19   3.5081484e-03
   2.3024777e-01  -5.4210109e-20  -2.9534663e-02
   1.9779959e-01   0.0000000e+00   2.0338855e-03
   2.3821681e-01   0.0000000e+00   2.9616898e-02
   3.0216520e-01   5.4210109e-20  -8.9846725e-03
   2.1733791e-01   1.0842022e-19  -2.8381748e-02
   1.9746570e-01   0.0000000e+00   8.9106495e-03
   2.5164289e-01  -5.4210109e-20   2.9139743e-02
   2.9450738e-01   0.0000000e+00  -1.5808845e-02
   2.1102358e-01   0.0000000e+00  -2.5559231e-02
   1.9965917e-01   0.0000000e+00   1.3888922e-02
   2.6429372e-01  -5.4210109e-20   2.6693522e-02
   2.8144895e-01   0.0000000e+00  -2.1179416e-02
   2.0548561e-01   0.0000000e+00  -1.9886717e-02
   2.0566168e-01   0.0000000e+00   2.0066516e-02
   2.8191003e-01   0.0000000e+00   2.1012279e-02
   2.6387406e-01  -5.4210109e-20  -2.6800596e-02
   1.9955153e-01   0.0000000e+00  -1.3740227e-02
   2.1117381e-01  -5.4210109e-20   2.5669947e-02
   2.9476933e-01   1.0842022e-19   1.5655380e-02
   2.5130070e-01   1.0842022e-19  -2.9170919e-02
   1.9745557e-01   0.0000000e+00  -8.7467364e-03
   2.1761112e-01   1.0842022e-19   2.8436252e-02
   3.0236256e-01   0.0000000e+00   8.6812411e-03
   2.3771280e-01   0.0000000e+00  -2.9610712e-02
   1.9782413e-01  -6.7762636e-21  -1.7664189e-03
   2.3078923e-01   0.0000000e+00   2.9541398e-02
   3.0467815e-01   0.0000000e+00  -3.9310755e-03
   2.2205141e-01   0.0000000e+00  -2.9133944e-02
   1.9738534e-01   0.0000000e+00   6.1912605e-03
   2.4605634e-01  -5.4210109e-20   2.9558440e-02
