   2.3609874e-01  -5.4210109e-20  -2.9589749e-02
   1.9788395e-01   5.4210109e-20  -9.1665692e-04
   2.3250228e-01   0.0000000e+00   2.9556444e-02
   3.0420212e-01   0.0000000e+00  -5.2170281e-03
   2.2081033e-01   0.0000000e+00  -2.8976436e-02
   1.9738250e-01   0.0000000e+00   6.8823559e-03
   2.4744874e-01   0.0000000e+00   2.9476809e-02
   2.9754741e-01  -5.4210109e-20  -1.3868719e-02
   2.1289753e-01   0.0000000e+00  -2.6841113e-02
   1.9842256e-01   0.0000000e+00   1.2081531e-02
   2.5920520e-01   0.0000000e+00   2.7934060e-02
   2.8719436e-01  -2.7105054e-20  -1.9094285e-02
   2.0767212e-01   0.0000000e+00  -2.2292353e-02
   2.0313578e-01   5.4210109e-20   1.7644244e-02
   2.7525063e-01  -2.7105054e-20   2.3387438e-02
   2.7013388e-01   1.0842022e-19  -2.5059912e-02
   2.0135000e-01   0.0000000e+00  -1.5913033e-02
   2.0912326e-01  -1.0842022e-19   2.3911903e-02
   2.9075079e-01   0.0000000e+00   1.7700019e-02
   2.5595081e-01   1.0842022e-19  -2.8598958e-02
   1.9780097e-01   0.0000000e+00  -1.0848309e-02
   2.1436887e-01   5.4210109e-20   2.7580050e-02
   2.9947327e-01   1.0842022e-19   1.2289741e-02
   2.4424559e-01   0.0000000e+00  -2.9621060e-02
   1.9744238e-01   0.0000000e+00  -5.2579673e-03
   2.2380678e-01   0.0000000e+00   2.9294903e-02
   3.0511072e-01   0.0000000e+00   2.1763258e-03
   2.2860777e-01   0.0000000e+00  -2.9505192e-02
   1.9771596e-01   0.0000000e+00   2.8441479e-03
   2.3973376e-01   1.0842022e-19   2.9632639e-02
   3.0154941e-01  -1.0842022e-19  -9.8703229e-03
   2.1654360e-01  -1.0842022e-19  -2.8210350e-02
   1.9750687e-01   0.0000000e+00   9.3962784e-03
   2.5266961e-01   0.0000000e+00   2.9038271e-02
   2.9369679e-01   0.0000000e+00  -1.6265655e-02
   2.1057308e-01  -5.4210109e-20  -2.5213185e-02
   2.0000010e-01   0.0000000e+00   1.4342904e-02
   2.6558207e-01   5.4210109e-20   2.6357094e-02
   2.8004646e-01  -1.3552527e-20  -2.1686485e-02
   2.0494964e-01   0.0000000e+00  -1.9352457e-02
   2.0617204e-01   0.0000000e+00   2.0600038e-02
   2.8324710e-01  -2.7105054e-20   2.0527255e-02
   2.6266877e-01   1.3552527e-20  -2.7102165e-02
   1.9924917e-01   0.0000000e+00  -1.3311823e-02
   2.1161290e-01   0.0000000e+00   2.5982591e-02
   2.9551198e-01   0.0000000e+00   1.5204276e-02
   2.5030400e-01   0.0000000e+00  -2.9256041e-02
   1.9743299e-01   1.0842022e-19  -8.2654667e-03
   2.1842442e-01   1.0842022e-19   2.8588112e-02
   3.0291008e-01   0.0000000e+00   7.7830584e-03
   2.3626904e-01   0.0000000e+00  -2.9591779e-02
   1.9787920e-01   0.0000000e+00  -1.0054297e-03
   2.3232432e-01  -5.4210109e-20   2.9555034e-02
   3.0425633e-01  -1.0842022e-19  -5.0871399e-03
   2.2093414e-01  -5.4210109e-20  -2.8993658e-02
   1.9738160e-01  -5.4210109e-20   6.8123907e-03
   2.4730672e-01   0.0000000e+00   2.9486166e-02
   2.9764300e-01   0.0000000e+00  -1.3800329e-02
   2.1296260e-01   0.0000000e+00  -2.6880513e-02
   1.9838588e-01  -2.7105054e-20   1.2021828e-02
   2.5903991e-01   0.0000000e+00   2.7971635e-02
   2.8738255e-01   0.0000000e+00  -1.9024442e-02
   2.0774486e-01   0.0000000e+00  -2.2376890e-02
   2.0304257e-01  -5.4210109e-20   1.7557208e-02
   2.7499683e-01   0.0000000e+00   2.3474510e-02
   2.7038049e-01  -1.0842022e-19  -2.4984012e-02
   2.0143042e-01   1.0842022e-19  -1.5996318e-02
   2.0905178e-01   0.0000000e+00   2.3837750e-02
   2.9058855e-01   6.7762636e-21   1.7769405e-02
   2.5611123e-01   0.0000000e+00  -2.8571120e-02
   1.9782457e-01   1.0842022e-19  -1.0913281e-02
   2.1428283e-01   0.0000000e+00   2.7545900e-02
   2.9937427e-01   0.0000000e+00   1.2384185e-02
   2.4443202e-01   0.0000000e+00  -2.9616706e-02
   1.9743422e-01   0.0000000e+00  -5.3556455e-03
   2.2361917e-01   0.0000000e+00   2.9280652e-02
   3.0507699e-01   1.0842022e-19   2.3598756e-03
   2.2882817e-01   0.0000000e+00  -2.9509976e-02
   1.9772825e-01   1.0842022e-19   2.7352145e-03
   2.3953062e-01   0.0000000e+00   2.9630750e-02
   3.0163416e-01   0.0000000e+00  -9.7541172e-03
   2.1664744e-01   1.0842022e-19  -2.8233839e-02
   1.9750057e-01   0.0000000e+00   9.3319955e-03
   2.5253319e-01   0.0000000e+00   2.9052368e-02
   2.9380699e-01   1.3552527e-20  -1.6205091e-02
   2.1063311e-01   0.0000000e+00  -2.5260240e-02
   1.9995345e-01   0.0000000e+00   1.4281959e-02
   2.6540882e-01   0.0000000e+00   2.6402904e-02
   2.8023324e-01   0.0000000e+00  -2.1618861e-02
   2.0502139e-01   1.0842022e-19  -1.9422534e-02
   2.0610670e-01   0.0000000e+00   2.0529973e-02
   2.8307427e-01   0.0000000e+00   2.0589713e-02
   2.6282259e-01   5.4210109e-20  -2.7063880e-02
   1.9928748e-01   0.0000000e+00  -1.3366544e-02
   2.1155693e-01   0.0000000e+00   2.5942980e-02
   2.9541808e-01   0.0000000e+00   1.5262158e-02
   2.5043119e-01   1.0842022e-19  -2.9245387e-02
   1.9743568e-01  -1.0842022e-19  -8.3268133e-03
   2.1831998e-01   0.0000000e+00   2.8569253e-02
   3.0284270e-01   0.0000000e+00   7.8975102e-03
   2.3644957e-01   1.0587912e-22  -2.9594014e-02
   1.9787378e-01   0.0000000e+00  -1.0996954e-03
   2.3213527e-01   0.0000000e+00   2.9553543e-02
   3.0431263e-01   0.0000000e+00  -4.9479992e-03
   2.2106739e-01   0.0000000e+00  -2.9011836e-02
   1.9738078e-01   5.4210109e-20   6.7374095e-03
   2.4715390e-01  -1.0842022e-19   2.9496033e-02
   2.9774530e-01   0.0000000e+00  -1.3726931e-02
   2.1303240e-01   0.0000000e+00  -2.6922284e-02
   1.9834718e-01   1.3552527e-20   1.1958158e-02
   2.5886362e-01   1.0842022e-19   2.8011393e-02
   2.8758309e-01   0.0000000e+00  -1.8949951e-02
   2.0782264e-01   0.0000000e+00  -2.2467095e-02
   2.0294287e-01  -1.0842022e-19   1.7464071e-02
   2.7472452e-01   0.0000000e+00   2.3567606e-02
   2.7064599e-01   0.0000000e+00  -2.4901716e-02
   2.0151784e-01   1.0842022e-19  -1.6085921e-02
   2.0897494e-01   0.0000000e+00   2.3757520e-02
   2.9041216e-01   0.0000000e+00   1.7843648e-02
   2.5628242e-01   0.0000000e+00  -2.8540708e-02
   1.9785072e-01   0.0000000e+00  -1.0982276e-02
   2.1419260e-01   0.0000000e+00   2.7509023e-02
   2.9926858e-01   5.4210109e-20   1.2483071e-02
   2.4462838e-01   6.7762636e-21  -2.9611673e-02
   1.9742559e-01  -2.7105054e-20  -5.4580205e-03
   2.2342378e-01   0.0000000e+00   2.9265098e-02
   3.0503887e-01  -1.0842022e-19   2.5524664e-03
   2.2906172e-01  -1.3552527e-20  -2.9514717e-02
   1.9774126e-01   0.0000000e+00   2.6199952e-03
   2.3931561e-01  -2.7105054e-20   2.9628685e-02
   3.0172253e-01   0.0000000e+00  -9.6302604e-03
   2.1675850e-01   0.0000000e+00  -2.8258541e-02
   1.9749420e-01   0.0000000e+00   9.2636416e-03
   2.5238758e-01   1.0842022e-19   2.9067196e-02
   2.9392268e-01  -5.4210109e-20  -1.6140712e-02
   2.1069692e-01   0.0000000e+00  -2.5309939e-02
   1.9990425e-01   0.0000000e+00   1.4217354e-02
   2.6522569e-01   0.0000000e+00   2.6451277e-02
   2.8043208e-01  -1.0842022e-19  -2.1546982e-02
   2.0509766e-01   0.0000000e+00  -1.9497454e-02
   2.0603599e-01  -1.3552527e-20   2.0455135e-02
   2.8288897e-01  -1.0842022e-19   2.0656925e-02
   2.6298916e-01   0.0000000e+00  -2.7022529e-02
   1.9932882e-01   0.0000000e+00  -1.3425635e-02
   2.1149635e-01   1.3552527e-20   2.5900152e-02
   2.9531604e-01   0.0000000e+00   1.5324705e-02
   2.5056844e-01   1.0842022e-19  -2.9233877e-02
   1.9743861e-01   0.0000000e+00  -8.3933274e-03
   2.1820713e-01   0.0000000e+00   2.8548674e-02
   3.0276886e-01   5.4210109e-20   8.0217793e-03
   2.3664606e-01   0.0000000e+00  -2.9596590e-02
   1.9786758e-01   0.0000000e+00  -1.2029805e-03
   2.3192748e-01   0.0000000e+00   2.9551913e-02
   3.0437298e-01   0.0000000e+00  -4.7941503e-03
   2.2121490e-01   0.0000000e+00  -2.9031605e-02
   1.9738014e-01  -5.4210109e-20   6.6545155e-03
   2.4698567e-01   0.0000000e+00   2.9506645e-02
   2.9785601e-01   0.0000000e+00  -1.3645743e-02
   2.1310952e-01   0.0000000e+00  -2.6967773e-02
   1.9830519e-01  -6.7762636e-21   1.1888288e-02
   2.5867122e-01   0.0000000e+00   2.8054532e-02
   2.8780220e-01   1.0842022e-19  -1.8868277e-02
   2.0790806e-01   0.0000000e+00  -2.2565922e-02
   2.0283368e-01   0.0000000e+00   1.7361671e-02
   2.7442442e-01   0.0000000e+00   2.3669765e-02
   2.7093959e-01  -1.0842022e-19  -2.4809975e-02
   2.0161554e-01  -1.0842022e-19  -1.6184973e-02
   2.0889027e-01   0.0000000e+00   2.3668245e-02
   2.9021643e-01   0.0000000e+00   1.7925196e-02
   2.5647140e-01   1.0842022e-19  -2.8506483e-02
   1.9788059e-01   1.0842022e-19  -1.1057452e-02
   2.1409512e-01  -1.0842022e-19   2.7468183e-02
   2.9915325e-01   0.0000000e+00   1.2589106e-02
   2.4483908e-01   1.0842022e-19  -2.9605730e-02
   1.9741715e-01   0.0000000e+00  -5.5678347e-03
   2.2321480e-01   1.0842022e-19   2.9247746e-02
   3.0499478e-01   0.0000000e+00   2.7592270e-03
   2.2931404e-01  -1.0842022e-19  -2.9519579e-02
   1.9775389e-01  -5.4210109e-20   2.4952562e-03
   2.3908251e-01   1.0842022e-19   2.9626363e-02
   3.0181773e-01  -2.7105054e-20  -9.4950330e-03
   2.1688015e-01   0.0000000e+00  -2.8285094e-02
   1.9748756e-01  -1.0842022e-19   9.1892305e-03
   2.5222992e-01   0.0000000e+00   2.9083052e-02
   2.9404823e-01   0.0000000e+00  -1.6070632e-02
   2.1076626e-01   2.7105054e-20  -2.5363578e-02
   1.9985119e-01  -5.4210109e-20   1.4147337e-02
   2.6502638e-01   0.0000000e+00   2.6503507e-02
   2.8064835e-01   0.0000000e+00  -2.1468878e-02
   2.0518032e-01   6.7762636e-21  -1.9579336e-02
   2.0595807e-01   2.7105054e-20   2.0373403e-02
   2.8268550e-01   0.0000000e+00   2.0730844e-02
   2.6317248e-01   0.0000000e+00  -2.6976873e-02
   1.9937453e-01   0.0000000e+00  -1.3490833e-02
   2.1142953e-01   0.0000000e+00   2.5852771e-02
   2.9520381e-01   0.0000000e+00   1.5393653e-02
   2.5072077e-01   2.7105054e-20  -2.9221080e-02
   1.9744181e-01  -1.0842022e-19  -8.4668496e-03
   2.1808294e-01   0.0000000e+00   2.8525715e-02
   3.0268644e-01   5.4210109e-20   8.1592174e-03
   2.3686512e-01   0.0000000e+00  -2.9599502e-02
   1.9785950e-01   0.0000000e+00  -1.3183149e-03
   2.3169475e-01   0.0000000e+00   2.9550057e-02
   3.0443935e-01   0.0000000e+00  -4.6206991e-03
   2.2138153e-01   0.0000000e+00  -2.9053405e-02
   1.9737996e-01   0.0000000e+00   6.5611351e-03
   2.4679728e-01   0.0000000e+00   2.9518134e-02
   2.9797917e-01   0.0000000e+00  -1.3554292e-02
   2.1319615e-01   0.0000000e+00  -2.7017991e-02
   1.9825918e-01  -3.3881318e-21   1.1810425e-02
   2.5845765e-01   1.3552527e-20   2.8101913e-02
   2.8804452e-01   0.0000000e+00  -1.8777475e-02
   2.0800347e-01   0.0000000e+00  -2.2675575e-02
   2.0271246e-01   0.0000000e+00   1.7247540e-02
   2.7408893e-01  -1.0842022e-19   2.3783296e-02
   2.7126897e-01   0.0000000e+00  -2.4706212e-02
   2.0172604e-01   0.0000000e+00  -1.6296008e-02
   2.0879610e-01   0.0000000e+00   2.3567438e-02
   2.8999597e-01   5.4210109e-20   1.8015962e-02
   2.5668129e-01   5.4210109e-20  -2.8467430e-02
   1.9791534e-01   0.0000000e+00  -1.1140385e-02
   2.1398924e-01   0.0000000e+00   2.7422243e-02
   2.9902565e-01   0.0000000e+00   1.2703942e-02
   2.4506844e-01   0.0000000e+00  -2.9598559e-02
   1.9740897e-01   1.0842022e-19  -5.6867270e-03
   2.2298960e-01   0.0000000e+00   2.9228107e-02
   3.0494362e-01  -1.3552527e-20   2.9831546e-03
   2.2958988e-01   5.4210109e-20  -2.9524511e-02
   1.9776800e-01   0.0000000e+00   2.3588941e-03
   2.3882676e-01   0.0000000e+00   2.9623730e-02
   3.0192149e-01   0.0000000e+00  -9.3458843e-03
   2.1701346e-01   0.0000000e+00  -2.8313999e-02
   1.9748069e-01   0.0000000e+00   9.1074481e-03
   2.5205711e-01   0.0000000e+00   2.9100143e-02
   2.9418522e-01   1.0842022e-19  -1.5993678e-02
   2.1084217e-01   0.0000000e+00  -2.5421871e-02
   1.9979367e-01  -1.0842022e-19   1.4070845e-02
   2.6480903e-01   0.0000000e+00   2.6560216e-02
   2.8088505e-01   0.0000000e+00  -2.1383378e-02
   2.0527033e-01   0.0000000e+00  -1.9669548e-02
   2.0587170e-01   0.0000000e+00   2.0283393e-02
   2.8246015e-01   0.0000000e+00   2.0812779e-02
   2.6337601e-01   5.4210109e-20  -2.6925987e-02
   1.9942545e-01   0.0000000e+00  -1.3563286e-02
   2.1135517e-01   0.0000000e+00   2.5799946e-02
   2.9507839e-01   0.0000000e+00   1.5470064e-02
   2.5088954e-01   0.0000000e+00  -2.9206727e-02
   1.9744561e-01   0.0000000e+00  -8.5484911e-03
   2.1794458e-01   0.0000000e+00   2.8500033e-02
   3.0259365e-01  -5.4210109e-20   8.3117735e-03
   2.3711041e-01  -5.4210109e-20  -2.9602781e-02
   1.9784972e-01   0.0000000e+00  -1.4476465e-03
   2.3143377e-01   0.0000000e+00   2.9547821e-02
   3.0451139e-01  -1.0842022e-19  -4.4241917e-03
   2.2157139e-01   0.0000000e+00  -2.9077362e-02
   1.9738054e-01  -1.0842022e-19   6.4554911e-03
   2.4658400e-01   1.0842022e-19   2.9530561e-02
   2.9811622e-01   1.0842022e-19  -1.3450907e-02
   2.1329351e-01   1.0842022e-19  -2.7073325e-02
   1.9820908e-01   0.0000000e+00   1.1723645e-02
   2.5822053e-01   0.0000000e+00   2.8153753e-02
   2.8831181e-01   0.0000000e+00  -1.8676611e-02
   2.0810818e-01  -5.4210109e-20  -2.2797059e-02
   2.0257731e-01   0.0000000e+00   1.7120692e-02
   2.7371432e-01   1.0842022e-19   2.3909101e-02
   2.7163785e-01   0.0000000e+00  -2.4588941e-02
   2.0185063e-01   0.0000000e+00  -1.6420314e-02
   2.0869153e-01   0.0000000e+00   2.3453699e-02
   2.8974755e-01   0.0000000e+00   1.8116835e-02
   2.5691503e-01   0.0000000e+00  -2.8422798e-02
   1.9795562e-01  -1.0842022e-19  -1.1231631e-02
   2.1387492e-01   0.0000000e+00   2.7370588e-02
   2.9888478e-01   0.0000000e+00   1.2827670e-02
   2.4531706e-01   0.0000000e+00  -2.9589899e-02
   1.9740164e-01  -1.0842022e-19  -5.8146984e-03
   2.2274919e-01   0.0000000e+00   2.9205878e-02
   3.0488297e-01   1.0842022e-19   3.2241125e-03
   2.2989017e-01   0.0000000e+00  -2.9529385e-02
   1.9778290e-01   0.0000000e+00   2.2106764e-03
   2.3854867e-01   0.0000000e+00   2.9620704e-02
   3.0203355e-01   0.0000000e+00  -9.1821826e-03
   2.1716021e-01   0.0000000e+00  -2.8345071e-02
   1.9747384e-01  -1.0842022e-19   9.0180482e-03
   2.5186851e-01   0.0000000e+00   2.9118382e-02
   2.9433268e-01   0.0000000e+00  -1.5909680e-02
   2.1092491e-01  -1.3552527e-20  -2.5484741e-02
   1.9973182e-01   0.0000000e+00   1.3987875e-02
   2.6457390e-01   0.0000000e+00   2.6621283e-02
   2.8114212e-01   0.0000000e+00  -2.1290451e-02
   2.0536830e-01   0.0000000e+00  -1.9768128e-02
   2.0577680e-01   0.0000000e+00   2.0184969e-02
   2.8221164e-01   1.3552527e-20   2.0902950e-02
   2.6360073e-01   0.0000000e+00  -2.6869581e-02
   1.9948190e-01   0.0000000e+00  -1.3643177e-02
   2.1127334e-01   0.0000000e+00   2.5741430e-02
   2.9493881e-01   5.4210109e-20   1.5553969e-02
   2.5107540e-01  -5.4210109e-20  -2.9190708e-02
   1.9745004e-01   0.0000000e+00  -8.6381986e-03
   2.1779312e-01   1.0842022e-19   2.8471440e-02
   3.0249015e-01   0.0000000e+00   8.4791624e-03
   2.3738205e-01   0.0000000e+00  -2.9606365e-02
   1.9783893e-01   1.0842022e-19  -1.5910902e-03
   2.3114433e-01   0.0000000e+00   2.9545070e-02
   3.0458794e-01   0.0000000e+00  -4.2038287e-03
   2.2178565e-01   0.0000000e+00  -2.9103238e-02
   1.9738246e-01   0.0000000e+00   6.3372486e-03
   2.4634720e-01   0.0000000e+00   2.9543587e-02
   2.9826629e-01   0.0000000e+00  -1.3335384e-02
   2.1340201e-01   0.0000000e+00  -2.7133198e-02
   1.9815564e-01  -1.3552527e-20   1.1628330e-02
   2.5796232e-01   0.0000000e+00   2.8209329e-02
   2.8860112e-01   0.0000000e+00  -1.8566399e-02
   2.0822332e-01   1.0842022e-19  -2.2928969e-02
   2.0243078e-01   0.0000000e+00   1.6982035e-02
   2.7330443e-01  -5.4210109e-20   2.4045812e-02
   2.7204438e-01   2.1684043e-19  -2.4458579e-02
   2.0198954e-01   1.0842022e-19  -1.6557038e-02
   2.0857716e-01   0.0000000e+00   2.3327513e-02
   2.8947217e-01   0.0000000e+00   1.8227054e-02
   2.5717129e-01   0.0000000e+00  -2.8372588e-02
   1.9800169e-01   1.0842022e-19  -1.1330305e-02
   2.1375374e-01   0.0000000e+00   2.7313447e-02
   2.9873181e-01  -5.4210109e-20   1.2958420e-02
   2.4558059e-01   1.0842022e-19  -2.9579679e-02
