   3.0297173e-01   0.0000000e+00   7.6756640e-03
   2.3610128e-01  -1.0842022e-19  -2.9589743e-02
   1.9788415e-01   0.0000000e+00  -9.1774309e-04
   2.3250021e-01  -2.7105054e-20   2.9556415e-02
   3.0420261e-01  -5.4210109e-20  -5.2154524e-03
   2.2081199e-01  -2.7105054e-20  -2.8976628e-02
   1.9738287e-01  -1.0842022e-19   6.8814929e-03
   2.4744737e-01   0.0000000e+00   2.9476911e-02
   2.9754898e-01   0.0000000e+00  -1.3867887e-02
   2.1289884e-01   0.0000000e+00  -2.6841522e-02
   1.9842204e-01   0.0000000e+00   1.2080823e-02
   2.5920314e-01   5.4210109e-20   2.7934512e-02
   2.8719623e-01   1.0842022e-19  -1.9093464e-02
   2.0767273e-01   1.0842022e-19  -2.2293382e-02
   2.0313507e-01   0.0000000e+00   1.7643171e-02
   2.7524754e-01   1.0842022e-19   2.3388483e-02
   2.7013689e-01   0.0000000e+00  -2.5059010e-02
   2.0135113e-01   0.0000000e+00  -1.5913997e-02
   2.0912204e-01   0.0000000e+00   2.3911072e-02
   2.9074878e-01   5.4210109e-20   1.7700834e-02
   2.5595286e-01   0.0000000e+00  -2.8598623e-02
   1.9780114e-01   0.0000000e+00  -1.0849079e-02
   2.1436832e-01   0.0000000e+00   2.7579603e-02
   2.9947142e-01   0.0000000e+00   1.2290859e-02
   2.4424808e-01  -2.7105054e-20  -2.9620995e-02
   1.9744188e-01   0.0000000e+00  -5.2591267e-03
   2.2380463e-01  -2.7105054e-20   2.9294739e-02
   3.0511044e-01   0.0000000e+00   2.1784684e-03
   2.2861043e-01  -2.7105054e-20  -2.9505241e-02
   1.9771676e-01   0.0000000e+00   2.8428693e-03
   2.3973175e-01   0.0000000e+00   2.9632596e-02
   3.0155009e-01  -5.4210109e-20  -9.8689861e-03
   2.1654473e-01   0.0000000e+00  -2.8210628e-02
   1.9750675e-01   0.0000000e+00   9.3955417e-03
   2.5266840e-01   0.0000000e+00   2.9038414e-02
   2.9369795e-01   5.4210109e-20  -1.6264966e-02
   2.1057397e-01   0.0000000e+00  -2.5213695e-02
   2.0000005e-01   1.3552527e-20   1.4342177e-02
   2.6558036e-01   0.0000000e+00   2.6357607e-02
   2.8004824e-01   0.0000000e+00  -2.1685725e-02
   2.0495036e-01  -5.4210109e-20  -1.9353250e-02
   2.0617096e-01   5.4210109e-20   2.0599283e-02
   2.8324488e-01   1.0842022e-19   2.0527964e-02
   2.6267013e-01   0.0000000e+00  -2.7101747e-02
   1.9925019e-01   0.0000000e+00  -1.3312378e-02
   2.1161249e-01  -1.0842022e-19   2.5982126e-02
   2.9551067e-01   5.4210109e-20   1.5204915e-02
   2.5030534e-01   1.0842022e-19  -2.9255918e-02
   1.9743327e-01   0.0000000e+00  -8.2661167e-03
   2.1842302e-01  -5.4210109e-20   2.8587925e-02
   3.0290847e-01   5.4210109e-20   7.7842996e-03
   2.3627091e-01   0.0000000e+00  -2.9591802e-02
   1.9787978e-01   1.0842022e-19  -1.0064360e-03
   2.3232269e-01  -1.0842022e-19   2.9554992e-02
   3.0425604e-01   5.4210109e-20  -5.0856650e-03
   2.2093587e-01  -1.0842022e-19  -2.8993820e-02
   1.9738192e-01   0.0000000e+00   6.8115794e-03
   2.4730471e-01   0.0000000e+00   2.9486284e-02
   2.9764433e-01   0.0000000e+00  -1.3799556e-02
   2.1296353e-01   1.0842022e-19  -2.6880934e-02
   1.9838515e-01   0.0000000e+00   1.2021189e-02
   2.5903784e-01   0.0000000e+00   2.7972060e-02
   2.8738501e-01   1.0842022e-19  -1.9023652e-02
   2.0774585e-01   0.0000000e+00  -2.2377806e-02
   2.0304215e-01   0.0000000e+00   1.7556175e-02
   2.7499399e-01  -1.0842022e-19   2.3475482e-02
   2.7038314e-01  -5.4210109e-20  -2.4983168e-02
   2.0143141e-01   0.0000000e+00  -1.5997233e-02
   2.0905044e-01   0.0000000e+00   2.3836994e-02
   2.9058604e-01  -1.0842022e-19   1.7770196e-02
   2.5611276e-01   0.0000000e+00  -2.8570814e-02
   1.9782478e-01   0.0000000e+00  -1.0913990e-02
   2.1428183e-01   0.0000000e+00   2.7545525e-02
   2.9937267e-01   1.0842022e-19   1.2385216e-02
   2.4443428e-01   1.0842022e-19  -2.9616647e-02
   1.9743356e-01   0.0000000e+00  -5.3567175e-03
   2.2361762e-01  -1.0842022e-19   2.9280457e-02
   3.0507714e-01  -2.7105054e-20   2.3618471e-03
   2.2883088e-01   1.0842022e-19  -2.9509991e-02
   1.9772834e-01  -5.4210109e-20   2.7340398e-03
   2.3952865e-01   1.0842022e-19   2.9630717e-02
   3.0163402e-01  -5.4210109e-20  -9.7528729e-03
   2.1664914e-01   0.0000000e+00  -2.8234036e-02
   1.9750051e-01   0.0000000e+00   9.3313043e-03
   2.5253132e-01  -1.0842022e-19   2.9052531e-02
   2.9380767e-01   0.0000000e+00  -1.6204448e-02
   2.1063378e-01   0.0000000e+00  -2.5260737e-02
   1.9995354e-01   0.0000000e+00   1.4281267e-02
   2.6540713e-01   0.0000000e+00   2.6403377e-02
   2.8023541e-01   0.0000000e+00  -2.1618138e-02
   2.0502193e-01   0.0000000e+00  -1.9423297e-02
   2.0610538e-01  -5.4210109e-20   2.0529293e-02
   2.8307290e-01   0.0000000e+00   2.0590359e-02
   2.6282469e-01  -1.0842022e-19  -2.7063460e-02
   1.9928834e-01  -1.0842022e-19  -1.3367082e-02
   2.1155624e-01   0.0000000e+00   2.5942575e-02
   2.9541694e-01   0.0000000e+00   1.5262762e-02
   2.5043222e-01   0.0000000e+00  -2.9245284e-02
   1.9743608e-01   0.0000000e+00  -8.3274262e-03
   2.1831925e-01   1.3552527e-20   2.8569017e-02
   3.0284158e-01   0.0000000e+00   7.8986944e-03
   2.3645083e-01   0.0000000e+00  -2.9594066e-02
   1.9787396e-01   0.0000000e+00  -1.1006659e-03
   2.3213306e-01   0.0000000e+00   2.9553542e-02
   3.0431224e-01   0.0000000e+00  -4.9465651e-03
   2.2106853e-01   0.0000000e+00  -2.9012043e-02
   1.9738124e-01  -1.0842022e-19   6.7366180e-03
   2.4715245e-01   0.0000000e+00   2.9496125e-02
   2.9774556e-01   0.0000000e+00  -1.3726192e-02
   2.1303296e-01   0.0000000e+00  -2.6922725e-02
   1.9834629e-01   0.0000000e+00   1.1957543e-02
   2.5886232e-01   0.0000000e+00   2.8011777e-02
   2.8758565e-01   0.0000000e+00  -1.8949181e-02
   2.0782411e-01   0.0000000e+00  -2.2467926e-02
   2.0294225e-01   0.0000000e+00   1.7463096e-02
   2.7472176e-01   0.0000000e+00   2.3568541e-02
   2.7064849e-01   0.0000000e+00  -2.4900888e-02
   2.0151864e-01   0.0000000e+00  -1.6086828e-02
   2.0897376e-01   0.0000000e+00   2.3756755e-02
   2.9041035e-01   0.0000000e+00   1.7844397e-02
   2.5628454e-01  -6.7762636e-21  -2.8540385e-02
   1.9785109e-01   2.7105054e-20  -1.0982951e-02
   2.1419122e-01   0.0000000e+00   2.7508706e-02
   2.9926772e-01   0.0000000e+00   1.2484040e-02
   2.4462992e-01   0.0000000e+00  -2.9611636e-02
   1.9742539e-01   0.0000000e+00  -5.4590218e-03
   2.2342164e-01   0.0000000e+00   2.9264967e-02
   3.0503952e-01   3.3881318e-21   2.5543369e-03
   2.2906367e-01   0.0000000e+00  -2.9514785e-02
   1.9774072e-01   0.0000000e+00   2.6188815e-03
   2.3931333e-01   0.0000000e+00   2.9628674e-02
   3.0172271e-01   1.0842022e-19  -9.6290542e-03
   2.1675963e-01   0.0000000e+00  -2.8258775e-02
   1.9749411e-01   0.0000000e+00   9.2629746e-03
   2.5238635e-01   0.0000000e+00   2.9067328e-02
   2.9392437e-01   1.0842022e-19  -1.6140072e-02
   2.1069740e-01   0.0000000e+00  -2.5310433e-02
   1.9990441e-01   0.0000000e+00   1.4216685e-02
   2.6522343e-01   5.4210109e-20   2.6451753e-02
   2.8043454e-01  -6.7762636e-21  -2.1546274e-02
   2.0509793e-01   0.0000000e+00  -1.9498214e-02
   2.0603486e-01   0.0000000e+00   2.0454469e-02
   2.8288747e-01   2.7105054e-20   2.0657550e-02
   2.6299055e-01   5.4210109e-20  -2.7022148e-02
   1.9932946e-01   0.0000000e+00  -1.3426172e-02
   2.1149542e-01  -1.0842022e-19   2.5899776e-02
   2.9531586e-01  -6.7762636e-21   1.5325280e-02
   2.5057020e-01   3.3881318e-21  -2.9233751e-02
   1.9743906e-01   1.3552527e-20  -8.3939280e-03
   2.1820628e-01   1.0842022e-19   2.8548453e-02
   3.0276838e-01  -1.0842022e-19   8.0229381e-03
   2.3664776e-01   0.0000000e+00  -2.9596616e-02
   1.9786710e-01  -5.4210109e-20  -1.2039470e-03
   2.3192526e-01   0.0000000e+00   2.9551916e-02
   3.0437288e-01   0.0000000e+00  -4.7927120e-03
   2.2121601e-01   5.4210109e-20  -2.9031802e-02
   1.9738086e-01   0.0000000e+00   6.6537149e-03
   2.4698435e-01   1.0842022e-19   2.9506729e-02
   2.9785684e-01   0.0000000e+00  -1.3644990e-02
   2.1310980e-01   1.0842022e-19  -2.6968233e-02
   1.9830425e-01   0.0000000e+00   1.1887688e-02
   2.5866933e-01   0.0000000e+00   2.8054926e-02
   2.8780423e-01  -2.7105054e-20  -1.8867533e-02
   2.0790895e-01   2.7105054e-20  -2.2566812e-02
   2.0283256e-01   0.0000000e+00   1.7360742e-02
   2.7442139e-01   0.0000000e+00   2.3670707e-02
   2.7094230e-01   0.0000000e+00  -2.4809134e-02
   2.0161605e-01   0.0000000e+00  -1.6185911e-02
   2.0888953e-01   0.0000000e+00   2.3667428e-02
   2.9021512e-01   0.0000000e+00   1.7925923e-02
   2.5647274e-01   0.0000000e+00  -2.8506182e-02
   1.9788111e-01  -2.7105054e-20  -1.1058113e-02
   2.1409395e-01   0.0000000e+00   2.7467842e-02
   2.9915289e-01   0.0000000e+00   1.2590037e-02
   2.4484097e-01   0.0000000e+00  -2.9605676e-02
   1.9741754e-01   1.0842022e-19  -5.5687871e-03
   2.2321280e-01   0.0000000e+00   2.9247603e-02
   3.0499484e-01   0.0000000e+00   2.7610492e-03
   2.2931617e-01   0.0000000e+00  -2.9519625e-02
   1.9775427e-01   0.0000000e+00   2.4941502e-03
   2.3908002e-01  -5.4210109e-20   2.9626357e-02
   3.0181824e-01   0.0000000e+00  -9.4938358e-03
   2.1688060e-01   0.0000000e+00  -2.8285391e-02
   1.9748746e-01   0.0000000e+00   9.1885755e-03
   2.5222847e-01  -1.0842022e-19   2.9083191e-02
   2.9404953e-01   0.0000000e+00  -1.6070022e-02
   2.1076653e-01   0.0000000e+00  -2.5364073e-02
   1.9985137e-01   0.0000000e+00   1.4146675e-02
   2.6502465e-01  -1.0842022e-19   2.6503956e-02
   2.8065034e-01   0.0000000e+00  -2.1468203e-02
   2.0518047e-01   0.0000000e+00  -1.9580099e-02
   2.0595727e-01   0.0000000e+00   2.0372702e-02
   2.8268347e-01   5.4210109e-20   2.0731491e-02
   2.6317391e-01   0.0000000e+00  -2.6976487e-02
   1.9937503e-01   0.0000000e+00  -1.3491377e-02
   2.1142840e-01   0.0000000e+00   2.5852424e-02
   2.9520251e-01   5.4210109e-20   1.5394241e-02
   2.5072180e-01   0.0000000e+00  -2.9220975e-02
   1.9744221e-01   0.0000000e+00  -8.4674546e-03
   2.1808142e-01  -1.0842022e-19   2.8525568e-02
   3.0268637e-01  -1.0842022e-19   8.1603758e-03
   2.3686739e-01   0.0000000e+00  -2.9599504e-02
   1.9785929e-01   0.0000000e+00  -1.3192924e-03
   2.3169314e-01   0.0000000e+00   2.9550024e-02
   3.0443900e-01   0.0000000e+00  -4.6192287e-03
   2.2138331e-01   0.0000000e+00  -2.9053551e-02
   1.9738037e-01   0.0000000e+00   6.5603290e-03
   2.4679515e-01   0.0000000e+00   2.9518253e-02
   2.9798070e-01   1.0842022e-19  -1.3553500e-02
   2.1319633e-01   5.4210109e-20  -2.7018468e-02
   1.9825825e-01   0.0000000e+00   1.1809825e-02
   2.5845561e-01   0.0000000e+00   2.8102311e-02
   2.8804636e-01   0.0000000e+00  -1.8776729e-02
   2.0800356e-01   0.0000000e+00  -2.2676544e-02
   2.0271088e-01   0.0000000e+00   1.7246654e-02
   2.7408577e-01   5.4210109e-20   2.3784254e-02
   2.7127206e-01   0.0000000e+00  -2.4705332e-02
   2.0172649e-01   0.0000000e+00  -1.6296968e-02
   2.0879590e-01   0.0000000e+00   2.3566539e-02
   2.8999488e-01  -1.0842022e-19   1.8016685e-02
   2.5668309e-01   1.0842022e-19  -2.8467095e-02
   1.9791576e-01   2.7105054e-20  -1.1141049e-02
   2.1398852e-01   0.0000000e+00   2.7421854e-02
   2.9902558e-01   0.0000000e+00   1.2704841e-02
   2.4507071e-01   0.0000000e+00  -2.9598477e-02
   1.9740916e-01   0.0000000e+00  -5.6876689e-03
   2.2298835e-01   0.0000000e+00   2.9227893e-02
   3.0494257e-01   0.0000000e+00   2.9849474e-03
   2.2959260e-01   0.0000000e+00  -2.9524506e-02
   1.9776811e-01  -2.7105054e-20   2.3578001e-03
   2.3882474e-01   0.0000000e+00   2.9623705e-02
   3.0192197e-01   0.0000000e+00  -9.3446854e-03
   2.1701451e-01   0.0000000e+00  -2.8314222e-02
   1.9748055e-01   0.0000000e+00   9.1068006e-03
   2.5205557e-01   0.0000000e+00   2.9100278e-02
   2.9418572e-01   5.4210109e-20  -1.5993087e-02
   2.1084242e-01  -1.0842022e-19  -2.5422372e-02
   1.9979385e-01  -4.2351647e-22   1.4070179e-02
   2.6480788e-01   0.0000000e+00   2.6560640e-02
   2.8088677e-01   5.4210109e-20  -2.1382713e-02
   2.0527100e-01   0.0000000e+00  -1.9670258e-02
   2.0587136e-01  -1.0842022e-19   2.0282648e-02
   2.8245767e-01   0.0000000e+00   2.0813446e-02
   2.6337791e-01   0.0000000e+00  -2.6925569e-02
   1.9942600e-01  -1.0842022e-19  -1.3563838e-02
   2.1135400e-01   0.0000000e+00   2.5799602e-02
   2.9507676e-01   0.0000000e+00   1.5470679e-02
   2.5089085e-01   0.0000000e+00  -2.9206619e-02
   1.9744583e-01  -2.7105054e-20  -8.5491094e-03
   2.1794337e-01   0.0000000e+00   2.8499846e-02
   3.0259356e-01   0.0000000e+00   8.3129420e-03
   2.3711256e-01   0.0000000e+00  -2.9602783e-02
   1.9785019e-01   0.0000000e+00  -1.4486378e-03
   2.3143187e-01  -1.0842022e-19   2.9547790e-02
   3.0451119e-01   0.0000000e+00  -4.4226782e-03
   2.2157300e-01   0.0000000e+00  -2.9077531e-02
   1.9738049e-01   5.4210109e-20   6.4546792e-03
   2.4658261e-01   0.0000000e+00   2.9530641e-02
   2.9811819e-01   0.0000000e+00  -1.3450094e-02
   2.1329388e-01   0.0000000e+00  -2.7073784e-02
   1.9820816e-01  -1.0842022e-19   1.1723026e-02
   2.5821899e-01  -1.0842022e-19   2.8154126e-02
   2.8831358e-01   5.4210109e-20  -1.8675859e-02
   2.0810927e-01   0.0000000e+00  -2.2797945e-02
   2.0257633e-01   0.0000000e+00   1.7119738e-02
   2.7371179e-01   0.0000000e+00   2.3910029e-02
   2.7164086e-01   0.0000000e+00  -2.4588040e-02
   2.0185165e-01   0.0000000e+00  -1.6421239e-02
   2.0869070e-01   0.0000000e+00   2.3452842e-02
   2.8974642e-01   0.0000000e+00   1.8117565e-02
   2.5691721e-01   1.3552527e-20  -2.8422443e-02
   1.9795604e-01  -2.7105054e-20  -1.1232308e-02
   2.1387454e-01   0.0000000e+00   2.7370153e-02
   2.9888474e-01   0.0000000e+00   1.2828555e-02
   2.4531866e-01   0.0000000e+00  -2.9589844e-02
   1.9740110e-01   0.0000000e+00  -5.8156470e-03
   2.2274729e-01   1.0842022e-19   2.9205724e-02
   3.0488245e-01   0.0000000e+00   3.2258573e-03
   2.2989218e-01  -1.0842022e-19  -2.9529423e-02
   1.9778274e-01   1.0842022e-19   2.2095997e-03
   2.3854698e-01   1.3552527e-20   2.9620664e-02
   3.0203373e-01   0.0000000e+00  -9.1809880e-03
   2.1716186e-01   0.0000000e+00  -2.8345236e-02
   1.9747346e-01   0.0000000e+00   9.0174161e-03
   2.5186741e-01   1.0842022e-19   2.9118502e-02
   2.9433321e-01   0.0000000e+00  -1.5909084e-02
   2.1092509e-01   0.0000000e+00  -2.5485228e-02
   1.9973202e-01   0.0000000e+00   1.3987231e-02
   2.6457238e-01   0.0000000e+00   2.6621704e-02
   2.8114374e-01   0.0000000e+00  -2.1289801e-02
   2.0536950e-01   1.0842022e-19  -1.9768776e-02
   2.0577652e-01   0.0000000e+00   2.0184229e-02
   2.8220932e-01  -1.0842022e-19   2.0903611e-02
   2.6360257e-01   0.0000000e+00  -2.6869163e-02
   1.9948253e-01   0.0000000e+00  -1.3643730e-02
   2.1127224e-01   0.0000000e+00   2.5741071e-02
   2.9493792e-01   0.0000000e+00   1.5554565e-02
   2.5107691e-01  -1.0842022e-19  -2.9190579e-02
   1.9745008e-01   0.0000000e+00  -8.6388304e-03
   2.1779256e-01   0.0000000e+00   2.8471181e-02
   3.0248988e-01   0.0000000e+00   8.4803325e-03
   2.3738381e-01   0.0000000e+00  -2.9606405e-02
   1.9783827e-01  -5.4210109e-20  -1.5921026e-03
   2.3114175e-01   0.0000000e+00   2.9545082e-02
   3.0458892e-01   0.0000000e+00  -4.2022780e-03
   2.2178666e-01   0.0000000e+00  -2.9103456e-02
   1.9738179e-01   0.0000000e+00   6.3364451e-03
   2.4634554e-01   0.0000000e+00   2.9543669e-02
   2.9826812e-01   6.7762636e-21  -1.3334566e-02
   2.1340262e-01   5.4210109e-20  -2.7133624e-02
   1.9815480e-01   1.0842022e-19   1.1627700e-02
   2.5796095e-01   0.0000000e+00   2.8209691e-02
   2.8860308e-01   0.0000000e+00  -1.8565648e-02
   2.0822413e-01   0.0000000e+00  -2.2929870e-02
   2.0243034e-01  -6.7762636e-21   1.6981042e-02
   2.7330168e-01   0.0000000e+00   2.4046745e-02
   2.7204659e-01   5.4210109e-20  -2.4457702e-02
   2.0199101e-01   0.0000000e+00  -1.6557925e-02
   2.0857602e-01   0.0000000e+00   2.3326693e-02
   2.8947089e-01   0.0000000e+00   1.8227785e-02
   2.5717284e-01  -5.4210109e-20  -2.8372248e-02
   1.9800203e-01   0.0000000e+00  -1.1330978e-02
   2.1375345e-01   0.0000000e+00   2.7312994e-02
   2.9873177e-01   0.0000000e+00   1.2959266e-02
