   1.9780027e-01   0.0000000e+00  -1.0846684e-02
   2.1437165e-01   1.3552527e-20   2.7580805e-02
   2.9947513e-01   0.0000000e+00   1.2287204e-02
   2.4424061e-01   0.0000000e+00  -2.9621115e-02
   1.9744226e-01   1.0842022e-19  -5.2552814e-03
   2.2381192e-01   5.4210109e-20   2.9295266e-02
   3.0511130e-01   5.4210109e-20   2.1711576e-03
   2.2860151e-01   0.0000000e+00  -2.9505020e-02
   1.9771595e-01   0.0000000e+00   2.8472415e-03
   2.3973970e-01   0.0000000e+00   2.9632641e-02
   3.0154643e-01   0.0000000e+00  -9.8736836e-03
   2.1654041e-01  -5.4210109e-20  -2.8209601e-02
   1.9750699e-01   5.4210109e-20   9.3982343e-03
   2.5267422e-01  -2.7105054e-20   2.9037735e-02
   2.9369283e-01  -5.4210109e-20  -1.6267582e-02
   2.1057164e-01  -1.0842022e-19  -2.5211482e-02
   2.0000200e-01   0.0000000e+00   1.4344958e-02
   2.6558851e-01  -6.7762636e-21   2.6355421e-02
   2.8003963e-01   1.0842022e-19  -2.1688834e-02
   2.0494697e-01   0.0000000e+00  -1.9349939e-02
   2.0617410e-01   0.0000000e+00   2.0602567e-02
   2.8325330e-01  -1.0842022e-19   2.0524938e-02
   2.6266283e-01   1.0842022e-19  -2.7103531e-02
   1.9924815e-01   0.0000000e+00  -1.3309695e-02
   2.1161576e-01   0.0000000e+00   2.5983989e-02
   2.9551525e-01   0.0000000e+00   1.5201907e-02
   2.5029903e-01   1.0842022e-19  -2.9256395e-02
   1.9743299e-01   0.0000000e+00  -8.2628476e-03
   2.1842866e-01   0.0000000e+00   2.8588883e-02
   3.0291209e-01   0.0000000e+00   7.7780242e-03
   2.3626122e-01   1.0842022e-19  -2.9591615e-02
   1.9787993e-01   2.7105054e-20  -1.0012318e-03
   2.3233321e-01  -1.3552527e-20   2.9555030e-02
   3.0425283e-01  -1.0842022e-19  -5.0933891e-03
   2.2092853e-01  -1.3552527e-20  -2.8992729e-02
   1.9738221e-01   0.0000000e+00   6.8158068e-03
   2.4731354e-01   0.0000000e+00   2.9485645e-02
   2.9763799e-01   5.4210109e-20  -1.3803778e-02
   2.1295981e-01   0.0000000e+00  -2.6878341e-02
   1.9838784e-01   1.0842022e-19   1.2024973e-02
   2.5904872e-01   0.0000000e+00   2.7969577e-02
   2.8737286e-01   6.7762636e-21  -1.9028167e-02
   2.0774136e-01  -1.0842022e-19  -2.2372195e-02
   2.0304802e-01   0.0000000e+00   1.7561921e-02
   2.7501116e-01   0.0000000e+00   2.3469680e-02
   2.7036658e-01   5.4210109e-20  -2.4988203e-02
   2.0142596e-01  -5.4210109e-20  -1.5991661e-02
   2.0905533e-01   0.0000000e+00   2.3841939e-02
   2.9059717e-01   0.0000000e+00   1.7765471e-02
   2.5610199e-01   0.0000000e+00  -2.8572661e-02
   1.9782311e-01   5.4210109e-20  -1.0909532e-02
   2.1428808e-01   0.0000000e+00   2.7547818e-02
   2.9937990e-01   1.0842022e-19   1.2378617e-02
   2.4442150e-01   0.0000000e+00  -2.9616911e-02
   1.9743430e-01   0.0000000e+00  -5.3498291e-03
   2.2363081e-01   0.0000000e+00   2.9281451e-02
   3.0507901e-01   0.0000000e+00   2.3488121e-03
   2.2881518e-01   0.0000000e+00  -2.9509622e-02
   1.9772747e-01   5.4210109e-20   2.7418487e-03
   2.3954347e-01   0.0000000e+00   2.9630806e-02
   3.0162802e-01   1.0842022e-19  -9.7612835e-03
   2.1664123e-01   0.0000000e+00  -2.8232297e-02
   1.9750093e-01   0.0000000e+00   9.3360425e-03
   2.5254163e-01  -1.0842022e-19   2.9051413e-02
   2.9379960e-01   0.0000000e+00  -1.6208979e-02
   2.1062954e-01   1.0842022e-19  -2.5257054e-02
   1.9995691e-01   0.0000000e+00   1.4285969e-02
   2.6542041e-01  -5.4210109e-20   2.6399777e-02
   2.8022099e-01   6.7762636e-21  -2.1623384e-02
   2.0501631e-01   5.4210109e-20  -1.9417744e-02
   2.0611074e-01   0.0000000e+00   2.0534807e-02
   2.8308661e-01   0.0000000e+00   2.0585323e-02
   2.6281203e-01   0.0000000e+00  -2.7066498e-02
   1.9928532e-01   0.0000000e+00  -1.3362591e-02
   2.1156119e-01   0.0000000e+00   2.5945739e-02
   2.9542508e-01   0.0000000e+00   1.5257869e-02
   2.5042143e-01   0.0000000e+00  -2.9246118e-02
   1.9743570e-01   0.0000000e+00  -8.3221639e-03
   2.1832805e-01   0.0000000e+00   2.8570616e-02
   3.0284785e-01  -1.0842022e-19   7.8886907e-03
   2.3643514e-01   1.0842022e-19  -2.9593813e-02
   1.9787437e-01  -5.4210109e-20  -1.0923409e-03
   2.3215010e-01  -1.0842022e-19   2.9553613e-02
   3.0430757e-01   0.0000000e+00  -4.9589747e-03
   2.2105681e-01  -1.0842022e-19  -2.9010350e-02
   1.9738141e-01   0.0000000e+00   6.7433714e-03
   2.4716611e-01   0.0000000e+00   2.9495190e-02
   2.9773631e-01   0.0000000e+00  -1.3732875e-02
   2.1302684e-01   1.0842022e-19  -2.6918794e-02
   1.9835014e-01   0.0000000e+00   1.1963431e-02
   2.5887844e-01   0.0000000e+00   2.8008038e-02
   2.8756636e-01   0.0000000e+00  -1.8956162e-02
   2.0781649e-01   0.0000000e+00  -2.2459429e-02
   2.0295150e-01   0.0000000e+00   1.7471915e-02
   2.7474791e-01   1.0842022e-19   2.3559673e-02
   2.7062310e-01   0.0000000e+00  -2.4908724e-02
   2.0151024e-01   5.4210109e-20  -1.6078268e-02
   2.0898128e-01   0.0000000e+00   2.3764414e-02
   2.9042778e-01   0.0000000e+00   1.7837232e-02
   2.5626776e-01   0.0000000e+00  -2.8543307e-02
   1.9784842e-01   0.0000000e+00  -1.0976273e-02
   2.1420017e-01   0.0000000e+00   2.7512248e-02
   2.9927853e-01   0.0000000e+00   1.2474380e-02
   2.4461082e-01   0.0000000e+00  -2.9612103e-02
   1.9742651e-01   0.0000000e+00  -5.4489719e-03
   2.2344103e-01   0.0000000e+00   2.9266464e-02
   3.0504249e-01   0.0000000e+00   2.5353467e-03
   2.2904067e-01   0.0000000e+00  -2.9514279e-02
   1.9773963e-01   1.0842022e-19   2.6303236e-03
   2.3933491e-01  -1.0842022e-19   2.9628834e-02
   3.0171421e-01   0.0000000e+00  -9.6414476e-03
   2.1674877e-01  -1.0842022e-19  -2.8256209e-02
   1.9749473e-01  -5.4210109e-20   9.2698920e-03
   2.5240101e-01   0.0000000e+00   2.9065767e-02
   2.9391218e-01   0.0000000e+00  -1.6146659e-02
   2.1069104e-01  -1.0842022e-19  -2.5305215e-02
   1.9990928e-01   2.7105054e-20   1.4223415e-02
   2.6524269e-01   0.0000000e+00   2.6446652e-02
   2.8041315e-01   0.0000000e+00  -2.1553814e-02
   2.0508992e-01   0.0000000e+00  -1.9490258e-02
   2.0604256e-01   1.0842022e-19   2.0462371e-02
   2.8290691e-01   5.4210109e-20   2.0650346e-02
   2.6297264e-01  -1.0842022e-19  -2.7026537e-02
   1.9932547e-01   0.0000000e+00  -1.3419732e-02
   2.1150226e-01  -1.0842022e-19   2.5904362e-02
   2.9532641e-01   0.0000000e+00   1.5318375e-02
   2.5055464e-01  -2.7105054e-20  -2.9234977e-02
   1.9743857e-01   0.0000000e+00  -8.3864965e-03
   2.1821941e-01   4.2351647e-22   2.8550686e-02
   3.0277726e-01   0.0000000e+00   8.0088792e-03
   2.3662537e-01   0.0000000e+00  -2.9596287e-02
   1.9786797e-01   0.0000000e+00  -1.1921695e-03
   2.3194904e-01   1.0842022e-19   2.9552070e-02
   3.0436644e-01   0.0000000e+00  -4.8103919e-03
   2.2119896e-01  -1.0842022e-19  -2.9029506e-02
   1.9738068e-01   0.0000000e+00   6.6633098e-03
   2.4700398e-01   0.0000000e+00   2.9505452e-02
   2.9784440e-01   0.0000000e+00  -1.3654429e-02
   2.1310094e-01   0.0000000e+00  -2.6962861e-02
   1.9830932e-01   0.0000000e+00   1.1895878e-02
   2.5869198e-01   0.0000000e+00   2.8049820e-02
   2.8777808e-01  -5.4210109e-20  -1.8877185e-02
   2.0789870e-01   0.0000000e+00  -2.2555069e-02
   2.0284552e-01   0.0000000e+00   1.7372919e-02
   2.7445752e-01  -1.0842022e-19   2.3658499e-02
   2.7090698e-01   0.0000000e+00  -2.4820135e-02
   2.0160436e-01   0.0000000e+00  -1.6174026e-02
   2.0889985e-01   1.0842022e-19   2.3678126e-02
   2.9023861e-01   0.0000000e+00   1.7916106e-02
   2.5645004e-01   0.0000000e+00  -2.8510296e-02
   1.9787733e-01  -5.4210109e-20  -1.1049054e-02
   2.1410571e-01   0.0000000e+00   2.7472776e-02
   2.9916657e-01   0.0000000e+00   1.2577225e-02
   2.4481532e-01  -5.4210109e-20  -2.9606390e-02
   1.9741866e-01  -3.3881318e-21  -5.5554593e-03
   2.2323804e-01   0.0000000e+00   2.9249718e-02
   3.0500039e-01   0.0000000e+00   2.7358760e-03
   2.2928520e-01   5.4210109e-20  -2.9519025e-02
   1.9775293e-01   1.0842022e-19   2.5094294e-03
   2.3910870e-01   0.0000000e+00   2.9626610e-02
   3.0180710e-01   0.0000000e+00  -9.5105074e-03
   2.1686568e-01  -1.0842022e-19  -2.8282056e-02
   1.9748824e-01   0.0000000e+00   9.1978143e-03
   2.5224840e-01   0.0000000e+00   2.9081161e-02
   2.9403339e-01   5.4210109e-20  -1.6078786e-02
   2.1075799e-01   1.0842022e-19  -2.5357262e-02
   1.9985790e-01   0.0000000e+00   1.4155530e-02
   2.6505022e-01   0.0000000e+00   2.6497286e-02
   2.8062257e-01  -5.4210109e-20  -2.1478122e-02
   2.0517008e-01   0.0000000e+00  -1.9569578e-02
   2.0596750e-01   0.0000000e+00   2.0383142e-02
   2.8270963e-01   0.0000000e+00   2.0721923e-02
   2.6315039e-01   1.0842022e-19  -2.6982347e-02
   1.9936952e-01   1.0842022e-19  -1.3482856e-02
   2.1143729e-01   1.0842022e-19   2.5858554e-02
   2.9521716e-01  -1.0842022e-19   1.5385148e-02
   2.5070187e-01   1.0842022e-19  -2.9222601e-02
   1.9744162e-01   0.0000000e+00  -8.4576817e-03
   2.1809822e-01   0.0000000e+00   2.8528573e-02
   3.0269727e-01   0.0000000e+00   8.1419595e-03
   2.3683767e-01   0.0000000e+00  -2.9599087e-02
   1.9786054e-01   0.0000000e+00  -1.3037277e-03
   2.3172434e-01  -5.4210109e-20   2.9550258e-02
   3.0443055e-01   0.0000000e+00  -4.6427932e-03
   2.2136033e-01  -5.4210109e-20  -2.9050607e-02
   1.9738021e-01  -2.7105054e-20   6.5730703e-03
   2.4682100e-01   0.0000000e+00   2.9516661e-02
   2.9796376e-01   2.7105054e-20  -1.3566036e-02
   2.1318448e-01   0.0000000e+00  -2.7011561e-02
   1.9826464e-01   0.0000000e+00   1.1820513e-02
   2.5848518e-01  -1.0842022e-19   2.8095769e-02
   2.8801285e-01   0.0000000e+00  -1.8789242e-02
   2.0799054e-01   1.0842022e-19  -2.2661360e-02
   2.0272773e-01  -1.0842022e-19   1.7262446e-02
   2.7413242e-01   0.0000000e+00   2.3768498e-02
   2.7122579e-01   0.0000000e+00  -2.4719827e-02
   2.0171116e-01   0.0000000e+00  -1.6281478e-02
   2.0880894e-01   0.0000000e+00   2.3580632e-02
   2.9002523e-01   0.0000000e+00   1.8004027e-02
   2.5665401e-01   0.0000000e+00  -2.8472567e-02
   1.9791076e-01   5.4210109e-20  -1.1129478e-02
   2.1400307e-01   0.0000000e+00   2.7428308e-02
   2.9904279e-01   0.0000000e+00   1.2688851e-02
   2.4503856e-01   0.0000000e+00  -2.9599495e-02
   1.9741017e-01   0.0000000e+00  -5.6710589e-03
   2.2301948e-01  -2.7105054e-20   2.9230700e-02
   3.0495067e-01   1.0842022e-19   2.9535799e-03
   2.2955353e-01   0.0000000e+00  -2.9523833e-02
   1.9776615e-01  -5.4210109e-20   2.3770157e-03
   2.3886067e-01  -5.4210109e-20   2.9624061e-02
   3.0190802e-01  -1.0842022e-19  -9.3658249e-03
   2.1699539e-01  -5.4210109e-20  -2.8310116e-02
   1.9748146e-01   0.0000000e+00   9.1184427e-03
   2.5208016e-01   0.0000000e+00   2.9097809e-02
   2.9416618e-01   0.0000000e+00  -1.6004088e-02
   2.1083169e-01   1.0842022e-19  -2.5413953e-02
   1.9980196e-01  -2.7105054e-20   1.4081217e-02
   2.6483887e-01   2.7105054e-20   2.6552440e-02
   2.8085238e-01   0.0000000e+00  -2.1395077e-02
   2.0525810e-01   0.0000000e+00  -1.9657092e-02
   2.0588429e-01   2.1684043e-19   2.0295716e-02
   2.8249083e-01   0.0000000e+00   2.0801414e-02
   2.6334784e-01   0.0000000e+00  -2.6933020e-02
   1.9941880e-01   0.0000000e+00  -1.3553122e-02
   2.1136509e-01   0.0000000e+00   2.5807365e-02
   2.9509575e-01   0.0000000e+00   1.5459309e-02
   2.5086556e-01   0.0000000e+00  -2.9208720e-02
   1.9744516e-01   5.4210109e-20  -8.5369063e-03
   2.1796401e-01   5.4210109e-20   2.8503681e-02
   3.0260732e-01  -2.7105054e-20   8.2900186e-03
   2.3707581e-01   0.0000000e+00  -2.9602246e-02
   1.9785153e-01   0.0000000e+00  -1.4290790e-03
   2.3147178e-01   0.0000000e+00   2.9548083e-02
   3.0450051e-01   0.0000000e+00  -4.4525840e-03
   2.2154442e-01   0.0000000e+00  -2.9073862e-02
   1.9738037e-01   5.4210109e-20   6.4707941e-03
   2.4661485e-01   0.0000000e+00   2.9528758e-02
   2.9809656e-01   0.0000000e+00  -1.3465919e-02
   2.1327893e-01   0.0000000e+00  -2.7065349e-02
   1.9821582e-01   0.0000000e+00   1.1736288e-02
   2.5825529e-01  -1.3552527e-20   2.8146215e-02
   2.8827267e-01   0.0000000e+00  -1.8691294e-02
   2.0809332e-01   0.0000000e+00  -2.2779302e-02
   2.0259717e-01   1.0842022e-19   1.7139203e-02
   2.7376905e-01   0.0000000e+00   2.3890722e-02
   2.7158398e-01   0.0000000e+00  -2.4606189e-02
   2.0183247e-01   0.0000000e+00  -1.6402024e-02
   2.0870685e-01  -5.4210109e-20   2.3470458e-02
   2.8978434e-01   0.0000000e+00   1.8101998e-02
   2.5688070e-01   0.0000000e+00  -2.8429397e-02
   1.9794960e-01   0.0000000e+00  -1.1218230e-02
   2.1389185e-01  -2.7105054e-20   2.7378198e-02
   2.9890572e-01   0.0000000e+00   1.2809564e-02
   2.4528057e-01  -1.0842022e-19  -2.9591192e-02
   1.9740225e-01   1.0842022e-19  -5.7959525e-03
   2.2278451e-01  -1.0842022e-19   2.9209171e-02
   3.0489180e-01  -1.0842022e-19   3.1887280e-03
   2.2984592e-01   0.0000000e+00  -2.9528657e-02
   1.9778064e-01   0.0000000e+00   2.2325744e-03
   2.3858995e-01   2.7105054e-20   2.9621127e-02
   3.0201701e-01   1.0842022e-19  -9.2065099e-03
   2.1713863e-01   0.0000000e+00  -2.8340412e-02
   1.9747453e-01   0.0000000e+00   9.0313891e-03
   2.5189700e-01   0.0000000e+00   2.9115623e-02
   2.9431044e-01   1.0842022e-19  -1.5922247e-02
   2.1091224e-01   0.0000000e+00  -2.5475315e-02
   1.9974152e-01   0.0000000e+00   1.4000317e-02
   2.6460929e-01   0.0000000e+00   2.6612063e-02
   2.8110297e-01   0.0000000e+00  -2.1304486e-02
   2.0535407e-01   0.0000000e+00  -1.9753086e-02
   2.0579154e-01   0.0000000e+00   2.0199884e-02
   2.8224930e-01   0.0000000e+00   2.0889168e-02
   2.6356626e-01   5.4210109e-20  -2.6878196e-02
   1.9947378e-01  -1.0842022e-19  -1.3630866e-02
   2.1128540e-01   0.0000000e+00   2.5750465e-02
   2.9496090e-01  -6.7762636e-21   1.5541002e-02
   2.5104695e-01   6.7762636e-21  -2.9193138e-02
   1.9744927e-01   0.0000000e+00  -8.6242856e-03
   2.1781685e-01   0.0000000e+00   2.8475852e-02
   3.0250677e-01   0.0000000e+00   8.4531025e-03
   2.3733969e-01   0.0000000e+00  -2.9605775e-02
   1.9784022e-01   0.0000000e+00  -1.5686237e-03
   2.3118939e-01   0.0000000e+00   2.9545512e-02
   3.0457589e-01   5.4210109e-20  -4.2385696e-03
   2.2175141e-01   0.0000000e+00  -2.9099223e-02
   1.9738160e-01   0.0000000e+00   6.3559355e-03
   2.4638493e-01   1.0842022e-19   2.9541539e-02
   2.9824277e-01   0.0000000e+00  -1.3353656e-02
   2.1338458e-01   5.4210109e-20  -2.7123823e-02
   1.9816364e-01   0.0000000e+00   1.1643383e-02
   2.5800306e-01   0.0000000e+00   2.8200601e-02
   2.8855534e-01   0.0000000e+00  -1.8583792e-02
   2.0820515e-01   0.0000000e+00  -2.2908166e-02
   2.0245427e-01   0.0000000e+00   1.7003919e-02
   2.7336959e-01   0.0000000e+00   2.4024209e-02
   2.7197958e-01   0.0000000e+00  -2.4479354e-02
   2.0196772e-01   2.7105054e-20  -1.6535267e-02
   2.0859509e-01   1.0842022e-19   2.3347657e-02
   2.8951631e-01  -5.4210109e-20   1.8209520e-02
   2.5713030e-01   0.0000000e+00  -2.8380638e-02
   1.9799418e-01  -5.4210109e-20  -1.1314652e-02
   2.1377327e-01   1.3552527e-20   2.7322533e-02
   2.9875636e-01   0.0000000e+00   1.2937775e-02
   2.4553866e-01   0.0000000e+00  -2.9581341e-02
   1.9739549e-01   0.0000000e+00  -5.9283897e-03
   2.2253679e-01   0.0000000e+00   2.9185200e-02
   3.0482543e-01   0.0000000e+00   3.4378416e-03
   2.3015875e-01   0.0000000e+00  -2.9533361e-02
   1.9779564e-01   0.0000000e+00   2.0779131e-03
   2.3829978e-01   0.0000000e+00   2.9617807e-02
   3.0213252e-01   0.0000000e+00  -9.0341627e-03
   2.1729364e-01   0.0000000e+00  -2.8372507e-02
   1.9746773e-01   0.0000000e+00   8.9376239e-03
   2.5169966e-01   0.0000000e+00   2.9134326e-02
   2.9446390e-01   0.0000000e+00  -1.5834247e-02
   2.1099867e-01   1.0842022e-19  -2.5540379e-02
   1.9967761e-01   5.4210109e-20   1.3913951e-02
   2.6436469e-01   0.0000000e+00   2.6675184e-02
   2.8137076e-01   0.0000000e+00  -2.1207613e-02
   2.0545586e-01   0.0000000e+00  -1.9856385e-02
   2.0569129e-01   0.0000000e+00   2.0096760e-02
   2.8198770e-01  -1.0842022e-19   2.0984159e-02
   2.6380360e-01   1.0842022e-19  -2.6818329e-02
   1.9953389e-01   1.0842022e-19  -1.3715153e-02
