   2.4424044e-01   1.0842022e-19  -2.9620499e-02
   1.9744395e-01  -3.3881318e-21  -5.2545039e-03
   2.2381487e-01   0.0000000e+00   2.9294859e-02
   3.0511168e-01   1.0842022e-19   2.1685875e-03
   2.2859855e-01  -1.0842022e-19  -2.9504437e-02
   1.9771640e-01   0.0000000e+00   2.8493085e-03
   2.3974464e-01   0.0000000e+00   2.9632121e-02
   3.0154390e-01   0.0000000e+00  -9.8765894e-03
   2.1653810e-01   0.0000000e+00  -2.8207924e-02
   1.9750915e-01   0.0000000e+00   9.4008568e-03
   2.5268154e-01  -1.0842022e-19   2.9036083e-02
   2.9368471e-01   0.0000000e+00  -1.6271097e-02
   2.1056737e-01   5.4210109e-20  -2.5206949e-02
   2.0000747e-01  -1.0842022e-19   1.4350070e-02
   2.6560461e-01   0.0000000e+00   2.6350327e-02
   2.8001971e-01   0.0000000e+00  -2.1695271e-02
   2.0494058e-01   0.0000000e+00  -1.9341961e-02
   2.0618306e-01   0.0000000e+00   2.0609894e-02
   2.8327260e-01   0.0000000e+00   2.0517061e-02
   2.6264326e-01   0.0000000e+00  -2.7107559e-02
   1.9924421e-01  -1.0842022e-19  -1.3301990e-02
   2.1162466e-01   0.0000000e+00   2.5988928e-02
   2.9552951e-01  -1.3552527e-20   1.5191853e-02
   2.5027622e-01   0.0000000e+00  -2.9257337e-02
   1.9743406e-01   1.0842022e-19  -8.2510245e-03
   2.1845091e-01   0.0000000e+00   2.8591739e-02
   3.0292480e-01  -5.4210109e-20   7.7540001e-03
   2.3622311e-01   0.0000000e+00  -2.9590539e-02
   1.9788168e-01   0.0000000e+00  -9.8082514e-04
   2.3237497e-01   1.0842022e-19   2.9554787e-02
   3.0423908e-01   0.0000000e+00  -5.1243288e-03
   2.2089843e-01   0.0000000e+00  -2.8987842e-02
   1.9738325e-01   0.0000000e+00   6.8333761e-03
   2.4735099e-01  -5.4210109e-20   2.9482403e-02
   2.9761132e-01   0.0000000e+00  -1.3821921e-02
   2.1294171e-01   0.0000000e+00  -2.6866322e-02
   1.9839997e-01   0.0000000e+00   1.2042325e-02
   2.5909862e-01   0.0000000e+00   2.7957497e-02
   2.8731308e-01   0.0000000e+00  -1.9049429e-02
   2.0771869e-01   0.0000000e+00  -2.2345164e-02
   2.0307825e-01   0.0000000e+00   1.7589431e-02
   2.7509210e-01   1.0842022e-19   2.3441290e-02
   2.7028646e-01   2.7105054e-20  -2.5012485e-02
   2.0140044e-01   0.0000000e+00  -1.5964043e-02
   2.0908050e-01   0.0000000e+00   2.3866044e-02
   2.9065126e-01   5.4210109e-20   1.7741559e-02
   2.5604640e-01   5.4210109e-20  -2.8581631e-02
   1.9781624e-01   0.0000000e+00  -1.0886291e-02
   2.1431987e-01   0.0000000e+00   2.7559500e-02
   2.9941510e-01   0.0000000e+00   1.2343265e-02
   2.4435083e-01  -1.0842022e-19  -2.9618003e-02
   1.9743892e-01   0.0000000e+00  -5.3124614e-03
   2.2370310e-01   1.0842022e-19   2.9286517e-02
   3.0509185e-01   0.0000000e+00   2.2774880e-03
   2.2872883e-01   1.0842022e-19  -2.9507340e-02
   1.9772362e-01   0.0000000e+00   2.7847811e-03
   2.3962415e-01   1.0842022e-19   2.9631048e-02
   3.0159296e-01   0.0000000e+00  -9.8078718e-03
   2.1659924e-01   0.0000000e+00  -2.8221933e-02
   1.9750512e-01   0.0000000e+00   9.3627828e-03
   2.5260049e-01   0.0000000e+00   2.9044514e-02
   2.9374938e-01  -5.4210109e-20  -1.6235197e-02
   2.1060305e-01   0.0000000e+00  -2.5234976e-02
   1.9997948e-01   1.0842022e-19   1.4313846e-02
   2.6550198e-01   1.3552527e-20   2.6377626e-02
   2.8013108e-01   0.0000000e+00  -2.1655050e-02
   2.0498304e-01  -1.0842022e-19  -1.9383606e-02
   2.0614399e-01   1.0842022e-19   2.0568315e-02
   2.8317061e-01   0.0000000e+00   2.0554099e-02
   2.6273480e-01   0.0000000e+00  -2.7084887e-02
   1.9926684e-01   5.4210109e-20  -1.3334457e-02
   2.1159137e-01   0.0000000e+00   2.5965469e-02
   2.9547329e-01   0.0000000e+00   1.5226291e-02
   2.5035207e-01   0.0000000e+00  -2.9251049e-02
   1.9743553e-01   0.0000000e+00  -8.2875177e-03
   2.1838844e-01  -1.0842022e-19   2.8580606e-02
   3.0288501e-01   1.0842022e-19   7.8221325e-03
   2.3633030e-01   0.0000000e+00  -2.9591873e-02
   1.9787851e-01   0.0000000e+00  -1.0367507e-03
   2.3226272e-01   0.0000000e+00   2.9553940e-02
   3.0427269e-01  -1.0842022e-19  -5.0420610e-03
   2.2097702e-01   0.0000000e+00  -2.8998724e-02
   1.9738262e-01  -5.4210109e-20   6.7889889e-03
   2.4726078e-01   1.0842022e-19   2.9488348e-02
   2.9767113e-01  -5.4210109e-20  -1.3778451e-02
   2.1298316e-01   0.0000000e+00  -2.6891336e-02
   1.9837689e-01   0.0000000e+00   1.2004363e-02
   2.5899382e-01  -1.0842022e-19   2.7981364e-02
   2.8743346e-01   0.0000000e+00  -1.9004952e-02
   2.0776523e-01   0.0000000e+00  -2.2399077e-02
   2.0301869e-01   0.0000000e+00   1.7533878e-02
   2.7493030e-01  -2.1684043e-19   2.3496897e-02
   2.7044422e-01  -5.4210109e-20  -2.4963758e-02
   2.0145201e-01   0.0000000e+00  -1.6017431e-02
   2.0903450e-01   1.0842022e-19   2.3818449e-02
   2.9054701e-01   0.0000000e+00   1.7785992e-02
   2.5614941e-01   0.0000000e+00  -2.8563685e-02
   1.9783131e-01   0.0000000e+00  -1.0927844e-02
   2.1426510e-01  -2.7105054e-20   2.7537543e-02
   2.9935241e-01   1.0842022e-19   1.2403416e-02
   2.4446998e-01  -2.7105054e-20  -2.9615152e-02
   1.9743368e-01   0.0000000e+00  -5.3747553e-03
   2.2358367e-01   0.0000000e+00   2.9277310e-02
   3.0506945e-01   0.0000000e+00   2.3946633e-03
   2.2887016e-01   0.0000000e+00  -2.9510359e-02
   1.9773131e-01   0.0000000e+00   2.7150116e-03
   2.3949403e-01  -5.4210109e-20   2.9629853e-02
   3.0164712e-01   0.0000000e+00  -9.7331941e-03
   2.1666601e-01   5.4210109e-20  -2.8237021e-02
   1.9750093e-01   0.0000000e+00   9.3214520e-03
   2.5251265e-01   0.0000000e+00   2.9053611e-02
   2.9382091e-01   0.0000000e+00  -1.6196175e-02
   2.1064196e-01  -2.7105054e-20  -2.5265312e-02
   1.9994936e-01   5.4210109e-20   1.4274540e-02
   2.6538966e-01   0.0000000e+00   2.6407235e-02
   2.8025222e-01   0.0000000e+00  -2.1611353e-02
   2.0502921e-01   0.0000000e+00  -1.9429054e-02
   2.0610122e-01   0.0000000e+00   2.0522961e-02
   2.8305843e-01   0.0000000e+00   2.0594715e-02
   2.6283502e-01   0.0000000e+00  -2.7060024e-02
   1.9929172e-01   0.0000000e+00  -1.3370129e-02
   2.1155491e-01   1.3552527e-20   2.5939669e-02
   2.9541264e-01   1.3552527e-20   1.5264154e-02
   2.5043507e-01   0.0000000e+00  -2.9244148e-02
   1.9743718e-01  -5.4210109e-20  -8.3277864e-03
   2.1831980e-01   5.4210109e-20   2.8568269e-02
   3.0284187e-01   3.3881318e-21   7.8974170e-03
   2.3644900e-01   0.0000000e+00  -2.9593423e-02
   1.9787476e-01   1.0842022e-19  -1.0989157e-03
   2.3213812e-01   0.0000000e+00   2.9552995e-02
   3.0431063e-01   0.0000000e+00  -4.9500921e-03
   2.2106545e-01  -1.6940659e-21  -2.9010754e-02
   1.9738207e-01   0.0000000e+00   6.7393523e-03
   2.4715937e-01   0.0000000e+00   2.9494945e-02
   2.9773913e-01   0.0000000e+00  -1.3729767e-02
   2.1302972e-01   6.7762636e-21  -2.6919107e-02
   1.9835101e-01   0.0000000e+00   1.1962048e-02
   2.5887631e-01   0.0000000e+00   2.8007862e-02
   2.8756663e-01   0.0000000e+00  -1.8955396e-02
   2.0781696e-01   0.0000000e+00  -2.2459210e-02
   2.0295214e-01   0.0000000e+00   1.7471811e-02
   2.7474847e-01  -2.7105054e-20   2.3559011e-02
   2.7062155e-01   1.0842022e-19  -2.4908828e-02
   2.0151028e-01   0.0000000e+00  -1.6077290e-02
   2.0898318e-01   0.0000000e+00   2.3764873e-02
   2.9042950e-01  -2.7105054e-20   1.7835628e-02
   2.5626366e-01   0.0000000e+00  -2.8543385e-02
   1.9784874e-01   0.0000000e+00  -1.0974035e-02
   2.1420452e-01   1.0842022e-19   2.7512899e-02
   2.9928148e-01   0.0000000e+00   1.2469712e-02
   2.4460157e-01   0.0000000e+00  -2.9611814e-02
   1.9742807e-01   0.0000000e+00  -5.4434392e-03
   2.2345285e-01   0.0000000e+00   2.9266874e-02
   3.0504388e-01   1.0842022e-19   2.5239628e-03
   2.2902708e-01   1.0842022e-19  -2.9513567e-02
   1.9773982e-01   1.0842022e-19   2.6376135e-03
   2.3934976e-01   0.0000000e+00   2.9628489e-02
   3.0170736e-01   1.3552527e-20  -9.6499271e-03
   2.1674086e-01   0.0000000e+00  -2.8253680e-02
   1.9749643e-01   0.0000000e+00   9.2754289e-03
   2.5241437e-01   0.0000000e+00   2.9063679e-02
   2.9389880e-01   0.0000000e+00  -1.6152756e-02
   2.1068522e-01   0.0000000e+00  -2.5298958e-02
   1.9991598e-01   0.0000000e+00   1.4230839e-02
   2.6526579e-01   0.0000000e+00   2.6440042e-02
   2.8038674e-01   0.0000000e+00  -2.1562703e-02
   2.0508072e-01   1.0842022e-19  -1.9479864e-02
   2.0605332e-01   0.0000000e+00   2.0472263e-02
   2.8293272e-01   0.0000000e+00   2.0640329e-02
   2.6294798e-01   0.0000000e+00  -2.7032038e-02
   1.9931985e-01   0.0000000e+00  -1.3410266e-02
   2.1151358e-01   1.0842022e-19   2.5910622e-02
   2.9534287e-01   0.0000000e+00   1.5306835e-02
   2.5052874e-01   0.0000000e+00  -2.9236377e-02
   1.9743907e-01   0.0000000e+00  -8.3732348e-03
   2.1824275e-01   2.7105054e-20   2.8554262e-02
   3.0279091e-01  -5.4210109e-20   7.9824861e-03
   2.3658337e-01   1.0842022e-19  -2.9595225e-02
   1.9787025e-01   0.0000000e+00  -1.1695764e-03
   2.3199560e-01  -1.0842022e-19   2.9551954e-02
   3.0435190e-01   2.7105054e-20  -4.8449242e-03
   2.2116585e-01   0.0000000e+00  -2.9024435e-02
   1.9738155e-01   5.4210109e-20   6.6825968e-03
   2.4704408e-01   0.0000000e+00   2.9502322e-02
   2.9781543e-01   0.0000000e+00  -1.3674104e-02
   2.1308243e-01   0.0000000e+00  -2.6950579e-02
   1.9832160e-01   0.0000000e+00   1.1913936e-02
   2.5874364e-01   0.0000000e+00   2.8037761e-02
   2.8771830e-01   1.0842022e-19  -1.8899025e-02
   2.0787580e-01  -5.4210109e-20  -2.2527556e-02
   2.0287649e-01  -5.4210109e-20   1.7401113e-02
   2.7454096e-01   0.0000000e+00   2.3629679e-02
   2.7082450e-01   0.0000000e+00  -2.4845665e-02
   2.0157731e-01   0.0000000e+00  -1.6145719e-02
   2.0892478e-01   0.0000000e+00   2.3703318e-02
   2.9029431e-01   0.0000000e+00   1.7892140e-02
   2.5639483e-01   1.0842022e-19  -2.8519874e-02
   1.9786915e-01  -5.4210109e-20  -1.1026324e-02
   2.1413615e-01   1.0842022e-19   2.7484705e-02
   2.9920119e-01   0.0000000e+00   1.2543935e-02
   2.4474876e-01  -1.0842022e-19  -2.9607821e-02
   1.9742189e-01   0.0000000e+00  -5.5203581e-03
   2.2330574e-01   0.0000000e+00   2.9254937e-02
   3.0501373e-01   0.0000000e+00   2.6688490e-03
   2.2920318e-01  -1.0842022e-19  -2.9517089e-02
   1.9774933e-01   0.0000000e+00   2.5503749e-03
   2.3918629e-01   1.0842022e-19   2.9626943e-02
   3.0177372e-01   0.0000000e+00  -9.5555530e-03
   2.1682547e-01  -1.0842022e-19  -2.8272416e-02
   1.9749162e-01  -5.4210109e-20   9.2233647e-03
   2.5230393e-01  -2.7105054e-20   2.9074912e-02
   2.9398735e-01   0.0000000e+00  -1.6103629e-02
   2.1073350e-01  -1.0842022e-19  -2.5336842e-02
   1.9987857e-01   0.0000000e+00   1.4181561e-02
   2.6512521e-01   0.0000000e+00   2.6476956e-02
   2.8053938e-01  -1.0842022e-19  -2.1507727e-02
   2.0513885e-01   1.0842022e-19  -1.9537473e-02
   2.0599873e-01  -1.0842022e-19   2.0414769e-02
   2.8279026e-01   0.0000000e+00   2.0692262e-02
   2.6307674e-01  -2.7105054e-20  -2.7000074e-02
   1.9935200e-01   0.0000000e+00  -1.3456098e-02
   2.1146604e-01   0.0000000e+00   2.5877445e-02
   2.9526450e-01  -1.0842022e-19   1.5355487e-02
   2.5063641e-01   1.3552527e-20  -2.9227446e-02
   1.9744128e-01   0.0000000e+00  -8.4251817e-03
   2.1815478e-01   0.0000000e+00   2.8538164e-02
   3.0273309e-01  -1.0842022e-19   8.0797569e-03
   2.3673803e-01   0.0000000e+00  -2.9597321e-02
   1.9786490e-01   0.0000000e+00  -1.2509145e-03
   2.3183150e-01   0.0000000e+00   2.9550720e-02
   3.0439885e-01  -5.4210109e-20  -4.7230460e-03
   2.2128286e-01   0.0000000e+00  -2.9040000e-02
   1.9738112e-01   5.4210109e-20   6.6168697e-03
   2.4691114e-01   0.0000000e+00   2.9510657e-02
   2.9790304e-01   0.0000000e+00  -1.3609627e-02
   2.1314324e-01  -1.0842022e-19  -2.6986535e-02
   1.9828825e-01   0.0000000e+00   1.1858627e-02
   2.5859104e-01   0.0000000e+00   2.8071799e-02
   2.8789179e-01   0.0000000e+00  -1.8834338e-02
   2.0794334e-01   0.0000000e+00  -2.2605911e-02
   2.0278964e-01   0.0000000e+00   1.7319841e-02
   2.7430209e-01   0.0000000e+00   2.3710768e-02
   2.7105871e-01   0.0000000e+00  -2.4772292e-02
   2.0165538e-01   0.0000000e+00  -1.6224690e-02
   2.0885771e-01   0.0000000e+00   2.3631919e-02
   2.9013820e-01  -1.0842022e-19   1.7957012e-02
   2.5654450e-01   0.0000000e+00  -2.8492401e-02
   1.9789341e-01   0.0000000e+00  -1.1085958e-02
   2.1405934e-01   0.0000000e+00   2.7452057e-02
   2.9911007e-01   0.0000000e+00   1.2627495e-02
   2.4491543e-01   0.0000000e+00  -2.9602946e-02
   1.9741534e-01   0.0000000e+00  -5.6069539e-03
   2.2314120e-01   0.0000000e+00   2.9241015e-02
   3.0497768e-01   0.0000000e+00   2.8320056e-03
   2.2940323e-01   0.0000000e+00  -2.9520850e-02
   1.9775938e-01   2.7105054e-20   2.4515003e-03
   2.3900099e-01  -1.0842022e-19   2.9625128e-02
   3.0184927e-01   0.0000000e+00  -9.4478934e-03
   2.1692169e-01   0.0000000e+00  -2.8293560e-02
   1.9748634e-01   5.4210109e-20   9.1641326e-03
   2.5217829e-01   0.0000000e+00   2.9087532e-02
   2.9408735e-01   0.0000000e+00  -1.6047793e-02
   2.1078846e-01  -1.0842022e-19  -2.5379571e-02
   1.9983642e-01   2.7105054e-20   1.4125743e-02
   2.6496663e-01   0.0000000e+00   2.6518569e-02
   2.8071214e-01   0.0000000e+00  -2.1445379e-02
   2.0520482e-01   0.0000000e+00  -1.9603090e-02
   2.0593636e-01   0.0000000e+00   2.0349281e-02
   2.8262610e-01   0.0000000e+00   2.0751753e-02
   2.6322419e-01   0.0000000e+00  -2.6963347e-02
   1.9938879e-01   0.0000000e+00  -1.3508656e-02
   2.1141177e-01   0.0000000e+00   2.5839300e-02
   2.9517285e-01   5.4210109e-20   1.5411197e-02
   2.5075906e-01   0.0000000e+00  -2.9217156e-02
   1.9744379e-01   0.0000000e+00  -8.4847135e-03
   2.1805340e-01   0.0000000e+00   2.8519650e-02
   3.0266655e-01   0.0000000e+00   8.1911983e-03
   2.3691646e-01  -2.7105054e-20  -2.9599736e-02
   1.9785845e-01   0.0000000e+00  -1.3447919e-03
   2.3164227e-01   0.0000000e+00   2.9549203e-02
   3.0445236e-01   0.0000000e+00  -4.5813310e-03
   2.2141956e-01   0.0000000e+00  -2.9057696e-02
   1.9738097e-01   0.0000000e+00   6.5405313e-03
   2.4675634e-01   0.0000000e+00   2.9520032e-02
   2.9800425e-01   0.0000000e+00  -1.3534774e-02
   2.1321386e-01   0.0000000e+00  -2.7027498e-02
   1.9825076e-01   0.0000000e+00   1.1795031e-02
   2.5841659e-01   0.0000000e+00   2.8110412e-02
   2.8808904e-01   0.0000000e+00  -1.8760169e-02
   2.0802098e-01  -1.0842022e-19  -2.2695552e-02
   2.0269026e-01   0.0000000e+00   1.7226511e-02
   2.7402731e-01   0.0000000e+00   2.3803629e-02
   2.7132880e-01   0.0000000e+00  -2.4687034e-02
   2.0174617e-01   1.0842022e-19  -1.6315763e-02
   2.0878033e-01   2.7105054e-20   2.3549125e-02
   2.8995756e-01   0.0000000e+00   1.8031388e-02
   2.5671698e-01   1.0842022e-19  -2.8460198e-02
   1.9792208e-01  -5.4210109e-20  -1.1153824e-02
   2.1397322e-01   0.0000000e+00   2.7414287e-02
   2.9900609e-01   0.0000000e+00   1.2721121e-02
   2.4510319e-01   0.0000000e+00  -2.9596962e-02
   1.9740861e-01   0.0000000e+00  -5.7039473e-03
   2.2295822e-01   0.0000000e+00   2.9224803e-02
   3.0493471e-01   0.0000000e+00   3.0147375e-03
   2.2962935e-01   1.3552527e-20  -2.9524802e-02
   1.9777037e-01  -5.4210109e-20   2.3399447e-03
   2.3879191e-01   0.0000000e+00   2.9622973e-02
   3.0193423e-01  -1.0842022e-19  -9.3255604e-03
   2.1703142e-01   0.0000000e+00  -2.8317196e-02
   1.9748063e-01   0.0000000e+00   9.0970438e-03
   2.5203627e-01   0.0000000e+00   2.9101561e-02
   2.9419900e-01   0.0000000e+00  -1.5984626e-02
   2.1085071e-01   0.0000000e+00  -2.5427468e-02
   1.9978924e-01   0.0000000e+00   1.4062907e-02
   2.6478858e-01   0.0000000e+00   2.6565159e-02
   2.8090649e-01   0.0000000e+00  -2.1375091e-02
   2.0527926e-01   0.0000000e+00  -1.9677392e-02
   2.0586528e-01   0.0000000e+00   2.0275124e-02
   2.8243980e-01   0.0000000e+00   2.0819425e-02
   2.6339288e-01  -2.1684043e-19  -2.6921314e-02
   1.9943066e-01   0.0000000e+00  -1.3568577e-02
   2.1135013e-01   1.0842022e-19   2.5795657e-02
   2.9506888e-01   0.0000000e+00   1.5474498e-02
   2.5089900e-01   0.0000000e+00  -2.9205313e-02
