   1.9744305e-01  -1.0842022e-19  -5.2552497e-03
   2.2381245e-01   0.0000000e+00   2.9295108e-02
   3.0511143e-01   0.0000000e+00   2.1707834e-03
   2.2860111e-01  -1.0842022e-19  -2.9504854e-02
   1.9771588e-01   0.0000000e+00   2.8476323e-03
   2.3974069e-01   0.0000000e+00   2.9632487e-02
   3.0154618e-01   0.0000000e+00  -9.8743033e-03
   2.1654002e-01   0.0000000e+00  -2.8209135e-02
   1.9750770e-01  -1.0842022e-19   9.3988798e-03
   2.5267591e-01   0.0000000e+00   2.9037277e-02
   2.9369079e-01   0.0000000e+00  -1.6268502e-02
   2.1057011e-01   0.0000000e+00  -2.5210255e-02
   2.0000341e-01   0.0000000e+00   1.4346378e-02
   2.6559267e-01   0.0000000e+00   2.6354000e-02
   2.8003411e-01   0.0000000e+00  -2.1690626e-02
   2.0494528e-01   0.0000000e+00  -1.9347676e-02
   2.0617689e-01   0.0000000e+00   2.0604602e-02
   2.8325880e-01   0.0000000e+00   2.0522701e-02
   2.6265739e-01   0.0000000e+00  -2.7104656e-02
   1.9924683e-01   0.0000000e+00  -1.3307513e-02
   2.1161790e-01   0.0000000e+00   2.5985436e-02
   2.9551975e-01   0.0000000e+00   1.5198994e-02
   2.5029222e-01   0.0000000e+00  -2.9256661e-02
   1.9743324e-01   0.0000000e+00  -8.2594241e-03
   2.1843537e-01   0.0000000e+00   2.8589686e-02
   3.0291656e-01   0.0000000e+00   7.7710321e-03
   2.3625002e-01   0.0000000e+00  -2.9591305e-02
   1.9788013e-01   0.0000000e+00  -9.9528996e-04
   2.3234507e-01  -5.4210109e-20   2.9554971e-02
   3.0424965e-01   0.0000000e+00  -5.1024128e-03
   2.2091946e-01  -5.4210109e-20  -2.8991326e-02
   1.9738218e-01   0.0000000e+00   6.8209545e-03
   2.4732467e-01  -1.3552527e-20   2.9484684e-02
   2.9763020e-01   0.0000000e+00  -1.3809081e-02
   2.1295416e-01   0.0000000e+00  -2.6874855e-02
   1.9839151e-01   2.7105054e-20   1.2030040e-02
   2.5906328e-01   0.0000000e+00   2.7966034e-02
   2.8735491e-01   0.0000000e+00  -1.9034417e-02
   2.0773445e-01   0.0000000e+00  -2.2364292e-02
   2.0305669e-01   5.4210109e-20   1.7570025e-02
   2.7503465e-01   0.0000000e+00   2.3461351e-02
   2.7034340e-01  -1.0842022e-19  -2.4995332e-02
   2.0141847e-01   0.0000000e+00  -1.5983542e-02
   2.0906303e-01   0.0000000e+00   2.3848994e-02
   2.9061339e-01   0.0000000e+00   1.7758433e-02
   2.5608566e-01   2.7105054e-20  -2.8575302e-02
   1.9782117e-01   1.0842022e-19  -1.0902697e-02
   2.1429731e-01   0.0000000e+00   2.7551266e-02
   2.9939021e-01  -5.4210109e-20   1.2368227e-02
   2.4440038e-01   5.4210109e-20  -2.9617247e-02
   1.9743611e-01   0.0000000e+00  -5.3388311e-03
   2.2365180e-01   5.4210109e-20   2.9282968e-02
   3.0508312e-01  -1.0842022e-19   2.3278386e-03
   2.2878952e-01  -5.4210109e-20  -2.9508973e-02
   1.9772640e-01   0.0000000e+00   2.7544906e-03
   2.3956693e-01   0.0000000e+00   2.9630883e-02
   3.0161817e-01   0.0000000e+00  -9.7750189e-03
   2.1662868e-01   0.0000000e+00  -2.8229256e-02
   1.9750226e-01   1.0842022e-19   9.3439258e-03
   2.5255921e-01   1.3552527e-20   2.9049364e-02
   2.9378479e-01   0.0000000e+00  -1.6216715e-02
   2.1062156e-01   0.0000000e+00  -2.5250553e-02
   1.9996341e-01   0.0000000e+00   1.4294217e-02
   2.6544457e-01   0.0000000e+00   2.6393232e-02
   2.8019396e-01   5.4210109e-20  -2.1632762e-02
   2.0500663e-01   0.0000000e+00  -1.9407622e-02
   2.0612094e-01   1.0842022e-19   2.0544688e-02
   2.8311109e-01   1.0842022e-19   2.0576085e-02
   2.6278891e-01   0.0000000e+00  -2.7071954e-02
   1.9927953e-01   0.0000000e+00  -1.3354275e-02
   2.1157003e-01  -2.7105054e-20   2.5951601e-02
   2.9543909e-01   0.0000000e+00   1.5248506e-02
   2.5040112e-01   0.0000000e+00  -2.9247570e-02
   1.9743559e-01   0.0000000e+00  -8.3118839e-03
   2.1834589e-01   0.0000000e+00   2.8573594e-02
   3.0285864e-01   0.0000000e+00   7.8689227e-03
   2.3640433e-01   0.0000000e+00  -2.9593220e-02
   1.9787553e-01  -1.0842022e-19  -1.0758028e-03
   2.3218366e-01   0.0000000e+00   2.9553709e-02
   3.0429724e-01   0.0000000e+00  -4.9837415e-03
   2.2103306e-01   0.0000000e+00  -2.9006891e-02
   1.9738145e-01   0.0000000e+00   6.7569785e-03
   2.4719432e-01   1.0842022e-19   2.9493162e-02
   2.9771740e-01   0.0000000e+00  -1.3746452e-02
   2.1301381e-01  -2.7105054e-20  -2.6910640e-02
   1.9835833e-01   6.7762636e-21   1.1975578e-02
   2.5891254e-01   0.0000000e+00   2.8000133e-02
   2.8752684e-01   0.0000000e+00  -1.8970663e-02
   2.0780098e-01  -5.4210109e-20  -2.2441512e-02
   2.0297136e-01   0.0000000e+00   1.7490360e-02
   2.7480174e-01   5.4210109e-20   2.3541018e-02
   2.7057025e-01   0.0000000e+00  -2.4925131e-02
   2.0149298e-01   0.0000000e+00  -1.6060133e-02
   2.0899743e-01   3.3881318e-21   2.3780492e-02
   2.9046276e-01  -5.4210109e-20   1.7822011e-02
   2.5623238e-01   0.0000000e+00  -2.8549409e-02
   1.9784335e-01   0.0000000e+00  -1.0961901e-02
   2.1421973e-01   0.0000000e+00   2.7519753e-02
   2.9929965e-01   0.0000000e+00   1.2453412e-02
   2.4456937e-01   0.0000000e+00  -2.9613023e-02
   1.9742859e-01  -1.3552527e-20  -5.4270195e-03
   2.2348324e-01   2.7105054e-20   2.9269698e-02
   3.0505098e-01   1.0842022e-19   2.4937242e-03
   2.2899027e-01   0.0000000e+00  -2.9513120e-02
   1.9773748e-01  -1.0842022e-19   2.6554286e-03
   2.3938217e-01   0.0000000e+00   2.9629135e-02
   3.0169406e-01   0.0000000e+00  -9.6687150e-03
   2.1672398e-01   0.0000000e+00  -2.8250558e-02
   1.9749660e-01   0.0000000e+00   9.2851976e-03
   2.5243406e-01   1.0842022e-19   2.9062174e-02
   2.9388462e-01   0.0000000e+00  -1.6161368e-02
   2.1067649e-01  -2.7105054e-20  -2.5293393e-02
   1.9992090e-01   5.4210109e-20   1.4238597e-02
   2.6528651e-01  -2.7105054e-20   2.6434962e-02
   2.8036537e-01   0.0000000e+00  -2.1570894e-02
   2.0507222e-01   0.0000000e+00  -1.9472032e-02
   2.0606044e-01   0.0000000e+00   2.0480335e-02
   2.8295234e-01  -1.0842022e-19   2.0633769e-02
   2.6293215e-01   0.0000000e+00  -2.7036502e-02
   1.9931500e-01   0.0000000e+00  -1.3404985e-02
   2.1151810e-01  -1.3552527e-20   2.5914870e-02
   2.9535192e-01   0.0000000e+00   1.5302234e-02
   2.5051884e-01   0.0000000e+00  -2.9237717e-02
   1.9743803e-01  -1.0842022e-19  -8.3690035e-03
   2.1824895e-01   5.4210109e-20   2.8555977e-02
   3.0279566e-01  -1.0842022e-19   7.9756641e-03
   2.3657276e-01  -1.0842022e-19  -2.9595426e-02
   1.9787017e-01   0.0000000e+00  -1.1642943e-03
   2.3200584e-01   0.0000000e+00   2.9552339e-02
   3.0434927e-01  -5.4210109e-20  -4.8522705e-03
   2.2115911e-01   0.0000000e+00  -2.9023913e-02
   1.9738074e-01   0.0000000e+00   6.6861029e-03
   2.4705021e-01   0.0000000e+00   2.9502353e-02
   2.9781239e-01   0.0000000e+00  -1.3677009e-02
   2.1307996e-01   6.7762636e-21  -2.6949807e-02
   1.9832208e-01   0.0000000e+00   1.1915595e-02
   2.5874733e-01   0.0000000e+00   2.8037335e-02
   2.8771581e-01   1.0842022e-19  -1.8900483e-02
   2.0787429e-01   0.0000000e+00  -2.2526507e-02
   2.0287737e-01   0.0000000e+00   1.7402427e-02
   2.7454405e-01  -5.4210109e-20   2.3628850e-02
   2.7082196e-01   1.3552527e-20  -2.4846721e-02
   2.0157629e-01   1.0842022e-19  -1.6145096e-02
   2.0892473e-01  -1.3552527e-20   2.3704118e-02
   2.9029544e-01   0.0000000e+00   1.7892125e-02
   2.5639470e-01   0.0000000e+00  -2.8520247e-02
   1.9786861e-01   0.0000000e+00  -1.1026760e-02
   2.1413511e-01   0.0000000e+00   2.7484763e-02
   2.9920060e-01   0.0000000e+00   1.2545476e-02
   2.4475211e-01   1.0842022e-19  -2.9608054e-02
   1.9742093e-01  -2.7105054e-20  -5.5223891e-03
   2.2330156e-01   0.0000000e+00   2.9254852e-02
   3.0501352e-01   0.0000000e+00   2.6732747e-03
   2.2920883e-01   0.0000000e+00  -2.9517441e-02
   1.9774897e-01   0.0000000e+00   2.5474199e-03
   2.3918050e-01   1.0842022e-19   2.9627164e-02
   3.0177686e-01  -5.4210109e-20  -9.5519628e-03
   2.1682899e-01  -3.3881318e-21  -2.8273633e-02
   1.9749069e-01   0.0000000e+00   9.2208541e-03
   2.5229749e-01   0.0000000e+00   2.9076008e-02
   2.9399418e-01   1.0842022e-19  -1.6100722e-02
   2.1073664e-01   0.0000000e+00  -2.5340000e-02
   1.9987480e-01   0.0000000e+00   1.4177863e-02
   2.6511358e-01  -5.4210109e-20   2.6480381e-02
   2.8055320e-01   1.0842022e-19  -2.1503179e-02
   2.0514400e-01   0.0000000e+00  -1.9542888e-02
   2.0599325e-01   0.0000000e+00   2.0409605e-02
   2.8277644e-01   0.0000000e+00   2.0697610e-02
   2.6308981e-01   5.4210109e-20  -2.6997190e-02
   1.9935441e-01   0.0000000e+00  -1.3461243e-02
   2.1146043e-01   1.0842022e-19   2.5874051e-02
   2.9525537e-01  -1.3552527e-20   1.5361817e-02
   2.5065025e-01   2.7105054e-20  -2.9226722e-02
   1.9744079e-01   0.0000000e+00  -8.4325309e-03
   2.1814147e-01  -1.3552527e-20   2.8536236e-02
   3.0272513e-01   0.0000000e+00   8.0944671e-03
   2.3676155e-01   0.0000000e+00  -2.9597944e-02
   1.9786387e-01   0.0000000e+00  -1.2636135e-03
   2.3180542e-01   0.0000000e+00   2.9550792e-02
   3.0440686e-01   0.0000000e+00  -4.7034698e-03
   2.2130177e-01   0.0000000e+00  -2.9042849e-02
   1.9738034e-01   0.0000000e+00   6.6059291e-03
   2.4688807e-01   0.0000000e+00   2.9512425e-02
   2.9791925e-01   0.0000000e+00  -1.3598439e-02
   2.1315428e-01   1.0842022e-19  -2.6993428e-02
   1.9828180e-01   0.0000000e+00   1.1848345e-02
   2.5856186e-01   0.0000000e+00   2.8078613e-02
   2.8792570e-01   2.7105054e-20  -1.8821925e-02
   2.0795654e-01   1.0842022e-19  -2.2621548e-02
   2.0277220e-01   0.0000000e+00   1.7303745e-02
   2.7425420e-01   5.4210109e-20   2.3727204e-02
   2.7110619e-01   0.0000000e+00  -2.4757558e-02
   2.0167130e-01   0.0000000e+00  -1.6240903e-02
   2.0884310e-01   0.0000000e+00   2.3617433e-02
   2.9010598e-01   0.0000000e+00   1.7970720e-02
   2.5657632e-01   0.0000000e+00  -2.8486832e-02
   1.9789811e-01   1.0842022e-19  -1.1098911e-02
   2.1404224e-01   0.0000000e+00   2.7445176e-02
   2.9909011e-01  -1.0842022e-19   1.2646279e-02
   2.4495303e-01   0.0000000e+00  -2.9602078e-02
   1.9741325e-01   5.4210109e-20  -5.6268042e-03
   2.2310312e-01   0.0000000e+00   2.9237987e-02
   3.0496939e-01   0.0000000e+00   2.8699473e-03
   2.2944994e-01   0.0000000e+00  -2.9521923e-02
   1.9776103e-01   5.4210109e-20   2.4281599e-03
   2.3895689e-01   0.0000000e+00   2.9624931e-02
   3.0186792e-01   0.0000000e+00  -9.4220333e-03
   2.1694511e-01   0.0000000e+00  -2.8299034e-02
   1.9748444e-01   1.0842022e-19   9.1494629e-03
   2.5214654e-01   0.0000000e+00   2.9091096e-02
   2.9411377e-01   0.0000000e+00  -1.6033499e-02
   2.1080306e-01  -8.4703295e-22  -2.5391237e-02
   1.9982418e-01   0.0000000e+00   1.4110813e-02
   2.6492327e-01  -1.0842022e-19   2.6530260e-02
   2.8076027e-01   0.0000000e+00  -2.1428299e-02
   2.0522332e-01   0.0000000e+00  -1.9621677e-02
   2.0591795e-01   2.7105054e-20   2.0330965e-02
   2.8257942e-01  -5.4210109e-20   2.0769036e-02
   2.6326719e-01   0.0000000e+00  -2.6952983e-02
   1.9939866e-01  -2.7105054e-20  -1.3524334e-02
   2.1139530e-01   1.0842022e-19   2.5828184e-02
   2.9514550e-01   5.4210109e-20   1.5428545e-02
   2.5079765e-01  -1.0842022e-19  -2.9214310e-02
   1.9744385e-01   0.0000000e+00  -8.5037774e-03
   2.1802067e-01  -1.0842022e-19   2.8513952e-02
   3.0264501e-01   0.0000000e+00   8.2276952e-03
   2.3697499e-01   0.0000000e+00  -2.9600804e-02
   1.9785556e-01  -2.7105054e-20  -1.3760034e-03
   2.3157866e-01   0.0000000e+00   2.9548928e-02
   3.0447056e-01   0.0000000e+00  -4.5335707e-03
   2.2146561e-01   5.4210109e-20  -2.9063919e-02
   1.9738035e-01  -1.0842022e-19   6.5144906e-03
   2.4670322e-01  -1.0842022e-19   2.9523493e-02
   2.9803967e-01   0.0000000e+00  -1.3508861e-02
   2.1323865e-01   0.0000000e+00  -2.7042105e-02
   1.9823740e-01   0.0000000e+00   1.1772542e-02
   2.5835432e-01   0.0000000e+00   2.8124387e-02
   2.8816037e-01   0.0000000e+00  -1.8733631e-02
   2.0804916e-01  -6.7762636e-21  -2.2728078e-02
   2.0265436e-01   0.0000000e+00   1.7192654e-02
   2.7392724e-01   0.0000000e+00   2.3837553e-02
   2.7142799e-01  -1.0842022e-19  -2.4655778e-02
   2.0177984e-01   0.0000000e+00  -1.6349327e-02
   2.0875130e-01   0.0000000e+00   2.3518638e-02
   2.8989024e-01   0.0000000e+00   1.8059091e-02
   2.5678141e-01   0.0000000e+00  -2.8448309e-02
   1.9793254e-01   0.0000000e+00  -1.1179314e-02
   2.1394049e-01   0.0000000e+00   2.7400199e-02
   2.9896658e-01   0.0000000e+00   1.2756581e-02
   2.4517415e-01   2.7105054e-20  -2.9594822e-02
   1.9740580e-01  -1.0842022e-19  -5.7409930e-03
   2.2288780e-01   0.0000000e+00   2.9218678e-02
   3.0491780e-01   0.0000000e+00   3.0850160e-03
   2.2971643e-01   2.7105054e-20  -2.9526479e-02
   1.9777456e-01   1.0842022e-19   2.2965744e-03
   2.3871009e-01   0.0000000e+00   2.9622338e-02
   3.0196768e-01   0.0000000e+00  -9.2774554e-03
   2.1707463e-01  -1.0842022e-19  -2.8326806e-02
   1.9747799e-01   0.0000000e+00   9.0703074e-03
   2.5197903e-01   0.0000000e+00   2.9107502e-02
   2.9424504e-01   0.0000000e+00  -1.5959046e-02
   2.1087645e-01   1.0842022e-19  -2.5447405e-02
   1.9976884e-01   0.0000000e+00   1.4036962e-02
   2.6471400e-01   0.0000000e+00   2.6584857e-02
   2.8098875e-01   0.0000000e+00  -2.1345670e-02
   2.0531025e-01   0.0000000e+00  -1.9709121e-02
   2.0583391e-01   0.0000000e+00   2.0243724e-02
   2.8235998e-01   0.0000000e+00   2.0848738e-02
   2.6346588e-01   0.0000000e+00  -2.6903344e-02
   1.9944832e-01  -2.7105054e-20  -1.3594885e-02
   2.1132284e-01  -1.0842022e-19   2.5776688e-02
   2.9502298e-01   0.0000000e+00   1.5502884e-02
   2.5096199e-01   0.0000000e+00  -2.9200284e-02
   1.9744754e-01   0.0000000e+00  -8.5832698e-03
   2.1788606e-01   0.0000000e+00   2.8488835e-02
   3.0255425e-01  -1.0842022e-19   8.3762091e-03
   2.3721483e-01  -2.7105054e-20  -2.9604001e-02
   1.9784570e-01   0.0000000e+00  -1.5025000e-03
   2.3132357e-01  -1.3552527e-20   2.9546651e-02
   3.0454038e-01   0.0000000e+00  -4.3404646e-03
   2.2165287e-01   0.0000000e+00  -2.9087112e-02
   1.9738124e-01   0.0000000e+00   6.4107346e-03
   2.4649453e-01   5.4210109e-20   2.9535399e-02
   2.9817359e-01   0.0000000e+00  -1.3407352e-02
   2.1333417e-01   1.0842022e-19  -2.7095787e-02
   1.9818906e-01   1.0842022e-19   1.1687868e-02
   2.5812425e-01   0.0000000e+00   2.8174495e-02
   2.8841971e-01   0.0000000e+00  -1.8635397e-02
   2.0815124e-01  -5.4210109e-20  -2.2846180e-02
   2.0252302e-01   5.4210109e-20   1.7069058e-02
   2.7356262e-01   0.0000000e+00   2.3959860e-02
   2.7178822e-01   0.0000000e+00  -2.4540736e-02
   2.0190206e-01   2.7105054e-20  -1.6470798e-02
   2.0864930e-01   1.0842022e-19   2.3407132e-02
   2.8964681e-01   0.0000000e+00   1.8157391e-02
   2.5700947e-01   0.0000000e+00  -2.8404313e-02
   1.9797249e-01   1.0842022e-19  -1.1267897e-02
   2.1383049e-01  -5.4210109e-20   2.7349599e-02
   2.9882969e-01   0.0000000e+00   1.2875640e-02
   2.4541358e-01  -1.0842022e-19  -2.9586121e-02
   1.9739906e-01  -1.0842022e-19  -5.8640768e-03
   2.2265739e-01   0.0000000e+00   2.9196867e-02
   3.0485863e-01   0.0000000e+00   3.3166893e-03
   2.3000646e-01   0.0000000e+00  -2.9531019e-02
   1.9778861e-01  -2.7105054e-20   2.1534473e-03
   2.3844152e-01   0.0000000e+00   2.9619358e-02
   3.0207538e-01   0.0000000e+00  -9.1187135e-03
   2.1721736e-01   0.0000000e+00  -2.8356680e-02
   1.9747141e-01   0.0000000e+00   8.9837497e-03
   2.5179722e-01   0.0000000e+00   2.9124988e-02
   2.9438733e-01   0.0000000e+00  -1.5877743e-02
   2.1095635e-01  -1.0842022e-19  -2.5507954e-02
   1.9970928e-01   0.0000000e+00   1.3956859e-02
   2.6448662e-01  -2.7105054e-20   2.6643659e-02
   2.8123697e-01   0.0000000e+00  -2.1255892e-02
   2.0540486e-01   0.0000000e+00  -1.9804617e-02
   2.0574170e-01   0.0000000e+00   2.0148393e-02
   2.8211878e-01   0.0000000e+00   2.0936302e-02
   2.6368406e-01  -2.7105054e-20  -2.6848413e-02
   1.9950344e-01   0.0000000e+00  -1.3672543e-02
   2.1124337e-01   0.0000000e+00   2.5719692e-02
   2.9488786e-01   0.0000000e+00   1.5584300e-02
   2.5114292e-01   0.0000000e+00  -2.9184611e-02
   1.9745191e-01   0.0000000e+00  -8.6703690e-03
