   2.9358740e-01   0.0000000e+00  -1.6323887e-02
   2.1051543e-01   1.3552527e-20  -2.5165232e-02
   2.0004887e-01   5.4210109e-20   1.4403679e-02
   2.6575749e-01   0.0000000e+00   2.6309633e-02
   2.7985486e-01  -1.0842022e-19  -2.1754732e-02
   2.0487722e-01   5.4210109e-20  -1.9280490e-02
   2.0623966e-01   0.0000000e+00   2.0671358e-02
   2.8342319e-01   0.0000000e+00   2.0462464e-02
   2.6250866e-01   0.0000000e+00  -2.7140785e-02
   1.9921117e-01   0.0000000e+00  -1.3254125e-02
   2.1167430e-01   0.0000000e+00   2.6023310e-02
   2.9561098e-01   0.0000000e+00   1.5140892e-02
   2.5016464e-01   5.4210109e-20  -2.9266491e-02
   1.9743186e-01   0.0000000e+00  -8.1969595e-03
   2.1854274e-01  -1.0842022e-19   2.8608157e-02
   3.0298266e-01  -1.0842022e-19   7.6528770e-03
   2.3606532e-01   0.0000000e+00  -2.9588491e-02
   1.9788676e-01  -1.0842022e-19  -8.9823905e-04
   2.3254066e-01   5.4210109e-20   2.9555953e-02
   3.0418843e-01   0.0000000e+00  -5.2451574e-03
   2.2078332e-01   0.0000000e+00  -2.8971537e-02
   1.9738506e-01   3.3881318e-21   6.8986685e-03
   2.4748464e-01   2.7105054e-20   2.9473357e-02
   2.9752049e-01   2.7105054e-20  -1.3886016e-02
   2.1288110e-01   0.0000000e+00  -2.6828779e-02
   1.9843545e-01   0.0000000e+00   1.2098752e-02
   2.5925565e-01  -1.0842022e-19   2.7921568e-02
   2.8713408e-01   0.0000000e+00  -1.9115707e-02
   2.0764944e-01   0.0000000e+00  -2.2264629e-02
   2.0316786e-01   0.0000000e+00   1.7672124e-02
   2.7533365e-01  -2.7105054e-20   2.3358220e-02
   2.7005175e-01   0.0000000e+00  -2.5084382e-02
   2.0132431e-01  -5.4210109e-20  -1.5884662e-02
   2.0914847e-01   0.0000000e+00   2.3936499e-02
   2.9080620e-01   0.0000000e+00   1.7674986e-02
   2.5589272e-01  -5.4210109e-20  -2.8607926e-02
   1.9779388e-01   1.0842022e-19  -1.0823575e-02
   2.1440418e-01   0.0000000e+00   2.7592064e-02
   2.9951092e-01   0.0000000e+00   1.2251110e-02
   2.4416921e-01   0.0000000e+00  -2.9621925e-02
   1.9744683e-01   0.0000000e+00  -5.2170311e-03
   2.2388684e-01   5.4210109e-20   2.9300118e-02
   3.0512323e-01   0.0000000e+00   2.0979794e-03
   2.2851394e-01   5.4210109e-20  -2.9502459e-02
   1.9771243e-01   0.0000000e+00   2.8910833e-03
   2.3982270e-01   0.0000000e+00   2.9632712e-02
   3.0151052e-01   0.0000000e+00  -9.9210766e-03
   2.1649779e-01   0.0000000e+00  -2.8198679e-02
   1.9751152e-01   0.0000000e+00   9.4257628e-03
   2.5273514e-01   0.0000000e+00   2.9030324e-02
   2.9364035e-01  -1.0842022e-19  -1.6294777e-02
   2.1054427e-01  -1.0842022e-19  -2.5188022e-02
   2.0002645e-01   2.7105054e-20   1.4374269e-02
   2.6567395e-01   0.0000000e+00   2.6331808e-02
   2.7994509e-01   0.0000000e+00  -2.1722217e-02
   2.0491175e-01   0.0000000e+00  -1.9313906e-02
   2.0620874e-01   0.0000000e+00   2.0637924e-02
   2.8334188e-01   0.0000000e+00   2.0491970e-02
   2.6258182e-01  -2.1684043e-19  -2.7122709e-02
   1.9922955e-01   0.0000000e+00  -1.3279859e-02
   2.1164812e-01   0.0000000e+00   2.6004672e-02
   2.9556701e-01  -1.0842022e-19   1.5168098e-02
   2.5022456e-01  -1.6940659e-21  -2.9261479e-02
   1.9743339e-01   0.0000000e+00  -8.2256416e-03
   2.1849377e-01  -1.0842022e-19   2.8599410e-02
   3.0295287e-01  -3.3881318e-21   7.7062760e-03
   2.3614877e-01   1.0842022e-19  -2.9589476e-02
   1.9788435e-01   1.0842022e-19  -9.4168465e-04
   2.3245391e-01   0.0000000e+00   2.9555249e-02
   3.0421562e-01   0.0000000e+00  -5.1818256e-03
   2.2084392e-01   0.0000000e+00  -2.8979981e-02
   1.9738437e-01  -1.0842022e-19   6.8645462e-03
   2.4741508e-01   0.0000000e+00   2.9478001e-02
   2.9756720e-01   1.0842022e-19  -1.3852653e-02
   2.1291282e-01  -1.0842022e-19  -2.6848152e-02
   1.9841703e-01   1.0842022e-19   1.2069534e-02
   2.5917470e-01  -2.7105054e-20   2.7940063e-02
   2.8722595e-01  -5.4210109e-20  -1.9081495e-02
   2.0768515e-01   0.0000000e+00  -2.2306062e-02
   2.0312193e-01   0.0000000e+00   1.7629548e-02
   2.7520941e-01   0.0000000e+00   2.3400889e-02
   2.7017242e-01   0.0000000e+00  -2.5047499e-02
   2.0136352e-01   0.0000000e+00  -1.5925307e-02
   2.0911338e-01  -5.4210109e-20   2.3900444e-02
   2.9072723e-01  -2.7105054e-20   1.7709019e-02
   2.5597157e-01  -1.3552527e-20  -2.8594464e-02
   1.9780532e-01   0.0000000e+00  -1.0855605e-02
   2.1436129e-01   1.0842022e-19   2.7575409e-02
   2.9946189e-01   5.4210109e-20   1.2298129e-02
   2.4426214e-01   0.0000000e+00  -2.9619893e-02
   1.9744254e-01  -5.4210109e-20  -5.2656333e-03
   2.2379350e-01   0.0000000e+00   2.9293181e-02
   3.0510775e-01   0.0000000e+00   2.1892236e-03
   2.2862323e-01   0.0000000e+00  -2.9504892e-02
   1.9771853e-01   1.0842022e-19   2.8372008e-03
   2.3972269e-01   0.0000000e+00   2.9631794e-02
   3.0155225e-01   0.0000000e+00  -9.8638825e-03
   2.1654914e-01   2.7105054e-20  -2.8210338e-02
   1.9750848e-01   2.7105054e-20   9.3940279e-03
   2.5266765e-01   0.0000000e+00   2.9037375e-02
   2.9369511e-01   0.0000000e+00  -1.6264866e-02
   2.1057367e-01   0.0000000e+00  -2.5211456e-02
   2.0000365e-01   0.0000000e+00   1.4344036e-02
   2.6558820e-01  -1.0842022e-19   2.6354587e-02
   2.8003727e-01  -1.0842022e-19  -2.1688767e-02
   2.0494732e-01  -2.7105054e-20  -1.9348438e-02
   2.0617669e-01   5.4210109e-20   2.0603387e-02
   2.8325676e-01  -1.0842022e-19   2.0522633e-02
   2.6265693e-01   0.0000000e+00  -2.7103996e-02
   1.9924828e-01  -1.0842022e-19  -1.3306665e-02
   2.1162028e-01   1.0842022e-19   2.5985361e-02
   2.9552102e-01  -5.4210109e-20   1.5196489e-02
   2.5028637e-01   0.0000000e+00  -2.9256313e-02
   1.9743508e-01   0.0000000e+00  -8.2556574e-03
   2.1844282e-01   0.0000000e+00   2.8590218e-02
   3.0291941e-01   0.0000000e+00   7.7623037e-03
   2.3623613e-01   1.0842022e-19  -2.9590573e-02
   1.9788181e-01   0.0000000e+00  -9.8747384e-04
   2.3236219e-01   1.0842022e-19   2.9554551e-02
   3.0424262e-01   0.0000000e+00  -5.1147618e-03
   2.2090776e-01   0.0000000e+00  -2.8988925e-02
   1.9738359e-01   0.0000000e+00   6.8283787e-03
   2.4734103e-01  -1.0842022e-19   2.9482905e-02
   2.9761692e-01  -2.7105054e-20  -1.3817236e-02
   2.1294620e-01   0.0000000e+00  -2.6868701e-02
   1.9839772e-01   0.0000000e+00   1.2038544e-02
   2.5908856e-01   0.0000000e+00   2.7959663e-02
   2.8732474e-01  -1.0842022e-19  -1.9045142e-02
   2.0772313e-01   0.0000000e+00  -2.2350080e-02
   2.0307317e-01   0.0000000e+00   1.7584262e-02
   2.7507766e-01   1.0842022e-19   2.3446248e-02
   2.7030039e-01   0.0000000e+00  -2.5008042e-02
   2.0140564e-01   0.0000000e+00  -1.5968692e-02
   2.0907607e-01   5.4210109e-20   2.3861843e-02
   2.9064214e-01   0.0000000e+00   1.7745289e-02
   2.5605492e-01   0.0000000e+00  -2.8580007e-02
   1.9781787e-01   1.3552527e-20  -1.0889603e-02
   2.1431568e-01   0.0000000e+00   2.7557641e-02
   2.9941038e-01   0.0000000e+00   1.2347754e-02
   2.4435981e-01   0.0000000e+00  -2.9617676e-02
   1.9743814e-01   0.0000000e+00  -5.3169834e-03
   2.2369497e-01  -1.0842022e-19   2.9285744e-02
   3.0508969e-01  -5.4210109e-20   2.2857418e-03
   2.2873899e-01   1.0842022e-19  -2.9507448e-02
   1.9772479e-01   0.0000000e+00   2.7799715e-03
   2.3961561e-01  -1.0842022e-19   2.9630853e-02
   3.0159641e-01   0.0000000e+00  -9.8028776e-03
   2.1660401e-01   1.0842022e-19  -2.8222706e-02
   1.9750543e-01   0.0000000e+00   9.3601936e-03
   2.5259524e-01   0.0000000e+00   2.9044885e-02
   2.9375318e-01  -1.0842022e-19  -1.6232956e-02
   2.1060513e-01   1.0842022e-19  -2.5236396e-02
   1.9997861e-01   1.0842022e-19   1.4311852e-02
   2.6549635e-01   0.0000000e+00   2.6378892e-02
   2.8013680e-01  -3.3881318e-21  -2.1652998e-02
   2.0498537e-01   1.3552527e-20  -1.9385474e-02
   2.0614208e-01   0.0000000e+00   2.0566367e-02
   2.8316612e-01   1.3552527e-20   2.0555619e-02
   2.6273880e-01   0.0000000e+00  -2.7083801e-02
   1.9926815e-01   1.0842022e-19  -1.3335631e-02
   2.1159028e-01   0.0000000e+00   2.5964494e-02
   2.9547179e-01   0.0000000e+00   1.5227204e-02
   2.5035366e-01  -5.4210109e-20  -2.9250725e-02
   1.9743623e-01   0.0000000e+00  -8.2882581e-03
   2.1838784e-01   0.0000000e+00   2.8580207e-02
   3.0288482e-01   0.0000000e+00   7.8231896e-03
   2.3633169e-01  -5.4210109e-20  -2.9591800e-02
   1.9787889e-01   0.0000000e+00  -1.0374916e-03
   2.3226139e-01   0.0000000e+00   2.9553827e-02
   3.0427352e-01   1.0842022e-19  -5.0411387e-03
   2.2097777e-01   0.0000000e+00  -2.8998709e-02
   1.9738288e-01   1.0842022e-19   6.7886477e-03
   2.4726024e-01   2.7105054e-20   2.9488247e-02
   2.9767115e-01   1.0842022e-19  -1.3778284e-02
   2.1298310e-01   0.0000000e+00  -2.6891151e-02
   1.9837683e-01   0.0000000e+00   1.2004523e-02
   2.5899427e-01   0.0000000e+00   2.7981078e-02
   2.8743188e-01   0.0000000e+00  -1.9005286e-02
   2.0776474e-01   0.0000000e+00  -2.2398455e-02
   2.0301962e-01   0.0000000e+00   1.7534437e-02
   2.7493191e-01   0.0000000e+00   2.3496163e-02
   2.7044226e-01   0.0000000e+00  -2.4964299e-02
   2.0145193e-01   0.0000000e+00  -1.6016608e-02
   2.0903496e-01  -2.7105054e-20   2.3819108e-02
   2.9054880e-01   0.0000000e+00   1.7785172e-02
   2.5614726e-01  -2.7105054e-20  -2.8563906e-02
   1.9783170e-01   0.0000000e+00  -1.0926906e-02
   2.1426625e-01  -5.4210109e-20   2.7537956e-02
   2.9935365e-01  -2.7105054e-20   1.2401804e-02
   2.4446654e-01   0.0000000e+00  -2.9615138e-02
   1.9743347e-01   0.0000000e+00  -5.3729701e-03
   2.2358725e-01   0.0000000e+00   2.9277508e-02
   3.0507006e-01   0.0000000e+00   2.3910749e-03
   2.2886569e-01   0.0000000e+00  -2.9510191e-02
   1.9773177e-01  -2.1175824e-22   2.7172380e-03
   2.3949829e-01   1.0842022e-19   2.9629801e-02
   3.0164570e-01   6.7762636e-21  -9.7357124e-03
   2.1666377e-01   0.0000000e+00  -2.8236337e-02
   1.9750181e-01   0.0000000e+00   9.3229945e-03
   2.5251613e-01   0.0000000e+00   2.9053089e-02
   2.9381701e-01   0.0000000e+00  -1.6197844e-02
   2.1063993e-01   0.0000000e+00  -2.5263760e-02
   1.9995122e-01   1.0842022e-19   1.4276454e-02
   2.6539570e-01  -1.0842022e-19   2.6405566e-02
   2.8024532e-01   0.0000000e+00  -2.1613640e-02
   2.0502725e-01   0.0000000e+00  -1.9426423e-02
   2.0610379e-01   0.0000000e+00   2.0525454e-02
   2.8306471e-01   0.0000000e+00   2.0592270e-02
   2.6282890e-01   0.0000000e+00  -2.7061394e-02
   1.9929035e-01   0.0000000e+00  -1.3367840e-02
   2.1155712e-01   0.0000000e+00   2.5941250e-02
   2.9541603e-01   0.0000000e+00   1.5261434e-02
   2.5042921e-01   0.0000000e+00  -2.9244496e-02
   1.9743748e-01   0.0000000e+00  -8.3246667e-03
   2.1832554e-01  -1.0842022e-19   2.8569091e-02
   3.0284440e-01   0.0000000e+00   7.8912834e-03
   2.3643919e-01   0.0000000e+00  -2.9593193e-02
   1.9787544e-01   1.0842022e-19  -1.0937126e-03
   2.3214845e-01   0.0000000e+00   2.9553001e-02
   3.0430663e-01   0.0000000e+00  -4.9579705e-03
   2.2105742e-01   0.0000000e+00  -2.9009637e-02
   1.9738223e-01   0.0000000e+00   6.7437429e-03
   2.4716885e-01  -1.0842022e-19   2.9494212e-02
   2.9773249e-01   0.0000000e+00  -1.3734232e-02
   2.1302499e-01   0.0000000e+00  -2.6916356e-02
   1.9835348e-01   0.0000000e+00   1.1966176e-02
   2.5888810e-01   1.0842022e-19   2.8005113e-02
   2.8755319e-01   0.0000000e+00  -1.8960341e-02
   2.0781171e-01   0.0000000e+00  -2.2452987e-02
   2.0295924e-01   0.0000000e+00   1.7478165e-02
   2.7476699e-01   1.0842022e-19   2.3552511e-02
   2.7060325e-01   1.3552527e-20  -2.4914519e-02
   2.0150458e-01   0.0000000e+00  -1.6070903e-02
   2.0898851e-01   0.0000000e+00   2.3770525e-02
   2.9044169e-01   0.0000000e+00   1.7830242e-02
   2.5625129e-01   0.0000000e+00  -2.8545496e-02
   1.9784727e-01   1.0842022e-19  -1.0968875e-02
   2.1421132e-01  -2.7105054e-20   2.7515578e-02
   2.9928916e-01   0.0000000e+00   1.2462100e-02
   2.4458627e-01   0.0000000e+00  -2.9612126e-02
   1.9742839e-01   0.0000000e+00  -5.4354343e-03
   2.2346782e-01   0.0000000e+00   2.9268068e-02
   3.0504750e-01   0.0000000e+00   2.5086801e-03
   2.2900819e-01   0.0000000e+00  -2.9513135e-02
   1.9773923e-01   0.0000000e+00   2.6468620e-03
   2.3936686e-01   0.0000000e+00   2.9628586e-02
   3.0169922e-01   0.0000000e+00  -9.6600229e-03
   2.1673152e-01   0.0000000e+00  -2.8251550e-02
   1.9749745e-01   0.0000000e+00   9.2811394e-03
   2.5242706e-01   1.0842022e-19   2.9062259e-02
   2.9388846e-01   0.0000000e+00  -1.6158313e-02
   2.1067922e-01   0.0000000e+00  -2.5294436e-02
   1.9992060e-01   0.0000000e+00   1.4236661e-02
   2.6528231e-01   0.0000000e+00   2.6435498e-02
   2.8036848e-01  -1.0842022e-19  -2.1569296e-02
   2.0507415e-01   1.0842022e-19  -1.9472722e-02
   2.0606025e-01   0.0000000e+00   2.0479258e-02
   2.8295086e-01   0.0000000e+00   2.0633800e-02
   2.6293204e-01  -1.3552527e-20  -2.7035918e-02
   1.9931580e-01  -5.4210109e-20  -1.3404439e-02
   2.1151957e-01   0.0000000e+00   2.5914789e-02
   2.9535348e-01   1.0842022e-19   1.5300343e-02
   2.5051453e-01  -1.0842022e-19  -2.9237429e-02
   1.9743904e-01   0.0000000e+00  -8.3661466e-03
   2.1825483e-01  -5.4210109e-20   2.8556367e-02
   3.0279879e-01   0.0000000e+00   7.9689417e-03
   2.3656219e-01   0.0000000e+00  -2.9594839e-02
   1.9787140e-01   1.0842022e-19  -1.1581865e-03
   2.3201901e-01   0.0000000e+00   2.9552026e-02
   3.0434458e-01   0.0000000e+00  -4.8620552e-03
   2.2114980e-01   0.0000000e+00  -2.9022070e-02
   1.9738167e-01   0.0000000e+00   6.6919658e-03
   2.4706324e-01   0.0000000e+00   2.9501000e-02
   2.9780218e-01   0.0000000e+00  -1.3683422e-02
   2.1307341e-01   0.0000000e+00  -2.6945122e-02
   1.9832696e-01   0.0000000e+00   1.1922164e-02
   2.5876660e-01  -2.7105054e-20   2.8032494e-02
   2.8769187e-01   0.0000000e+00  -1.8908805e-02
   2.0786557e-01   0.0000000e+00  -2.2515511e-02
   2.0289002e-01   0.0000000e+00   1.7413510e-02
   2.7457756e-01   0.0000000e+00   2.3617160e-02
   2.7078824e-01   0.0000000e+00  -2.4856851e-02
   2.0156582e-01  -1.0842022e-19  -1.6133490e-02
   2.0893507e-01   0.0000000e+00   2.3714293e-02
   2.9031878e-01   0.0000000e+00   1.7881955e-02
   2.5637086e-01   5.4210109e-20  -2.8524059e-02
   1.9786573e-01   0.0000000e+00  -1.1016801e-02
   2.1414919e-01   0.0000000e+00   2.7489736e-02
   2.9921646e-01   1.0842022e-19   1.2530251e-02
   2.4472185e-01   0.0000000e+00  -2.9608494e-02
   1.9742276e-01   0.0000000e+00  -5.5060877e-03
   2.2333356e-01   0.0000000e+00   2.9257082e-02
   3.0502033e-01   0.0000000e+00   2.6417744e-03
   2.2917054e-01   0.0000000e+00  -2.9516352e-02
   1.9774745e-01   0.0000000e+00   2.5667915e-03
   2.3921735e-01   1.3552527e-20   2.9627161e-02
   3.0176098e-01   0.0000000e+00  -9.5734463e-03
   2.1680937e-01   0.0000000e+00  -2.8268744e-02
   1.9749287e-01   0.0000000e+00   9.2333557e-03
   2.5232520e-01   0.0000000e+00   2.9072636e-02
   2.9397010e-01   0.0000000e+00  -1.6113194e-02
   2.1072395e-01   0.0000000e+00  -2.5329244e-02
   1.9988601e-01   0.0000000e+00   1.4191364e-02
   2.6515336e-01   0.0000000e+00   2.6469464e-02
   2.8050846e-01   0.0000000e+00  -2.1518764e-02
   2.0512765e-01   0.0000000e+00  -1.9525677e-02
   2.0601008e-01  -1.3552527e-20   2.0426425e-02
   2.8281890e-01   0.0000000e+00   2.0681559e-02
   2.6304997e-01   0.0000000e+00  -2.7006586e-02
   1.9934514e-01   0.0000000e+00  -1.3446555e-02
   2.1147635e-01   1.3552527e-20   2.5884268e-02
   2.9528050e-01  -5.4210109e-20   1.5345109e-02
   2.5061305e-01  -5.4210109e-20  -2.9229248e-02
   1.9744095e-01   0.0000000e+00  -8.4139359e-03
   2.1817377e-01  -2.7105054e-20   2.8541592e-02
   3.0274659e-01   1.6940659e-21   8.0584366e-03
   2.3670406e-01   0.0000000e+00  -2.9596783e-02
   1.9786656e-01   1.0842022e-19  -1.2329534e-03
   2.3186806e-01  -1.0842022e-19   2.9550918e-02
   3.0438862e-01   0.0000000e+00  -4.7501443e-03
   2.2125684e-01  -1.0842022e-19  -2.9036462e-02
   1.9738119e-01   0.0000000e+00   6.6315902e-03
   2.4694082e-01   2.7105054e-20   2.9508714e-02
   2.9788387e-01   0.0000000e+00  -1.3624160e-02
