   1.9742970e-01  -5.4210109e-20  -8.2067084e-03
   2.1852381e-01   1.0842022e-19   2.8606329e-02
   3.0297264e-01   0.0000000e+00   7.6742240e-03
   2.3609873e-01  -5.4210109e-20  -2.9589925e-02
   1.9788393e-01  -2.7105054e-20  -9.1678435e-04
   2.3250154e-01   0.0000000e+00   2.9556613e-02
   3.0420234e-01  -1.0842022e-19  -5.2165577e-03
   2.2081079e-01   0.0000000e+00  -2.8976747e-02
   1.9738228e-01   0.0000000e+00   6.8818371e-03
   2.4744737e-01   0.0000000e+00   2.9477138e-02
   2.9754945e-01   2.7105054e-20  -1.3867933e-02
   2.1289844e-01   0.0000000e+00  -2.6842035e-02
   1.9842175e-01   0.0000000e+00   1.2080366e-02
   2.5920132e-01   1.0842022e-19   2.7935129e-02
   2.8719936e-01  -1.0842022e-19  -1.9092679e-02
   2.0767411e-01  -1.0842022e-19  -2.2294649e-02
   2.0313320e-01   2.7105054e-20   1.7641956e-02
   2.7524410e-01   1.6940659e-21   2.3389973e-02
   2.7014090e-01   0.0000000e+00  -2.5057884e-02
   2.0135200e-01  -5.4210109e-20  -1.5915581e-02
   2.0912053e-01   0.0000000e+00   2.3909806e-02
   2.9074558e-01   0.0000000e+00   1.7702430e-02
   2.5595640e-01   0.0000000e+00  -2.8598209e-02
   1.9780124e-01   0.0000000e+00  -1.0850829e-02
   2.1436532e-01   0.0000000e+00   2.7578898e-02
   2.9946887e-01   0.0000000e+00   1.2293918e-02
   2.4425384e-01   5.4210109e-20  -2.9621045e-02
   1.9744148e-01  -1.0842022e-19  -5.2625078e-03
   2.2379765e-01   0.0000000e+00   2.9294403e-02
   3.0510912e-01   0.0000000e+00   2.1851551e-03
   2.2861829e-01  -1.0842022e-19  -2.9505570e-02
   1.9771638e-01  -5.4210109e-20   2.8387732e-03
   2.3972346e-01  -5.4210109e-20   2.9632697e-02
   3.0155370e-01   0.0000000e+00  -9.8644141e-03
   2.1654877e-01   0.0000000e+00  -2.8211856e-02
   1.9750591e-01  -1.0842022e-19   9.3927243e-03
   2.5266155e-01   0.0000000e+00   2.9039357e-02
   2.9370389e-01   0.0000000e+00  -1.6262011e-02
   2.1057700e-01   2.7105054e-20  -2.5216511e-02
   1.9999655e-01  -5.4210109e-20   1.4338797e-02
   2.6557005e-01   2.7105054e-20   2.6360533e-02
   2.8006023e-01   0.0000000e+00  -2.1681711e-02
   2.0495452e-01   0.0000000e+00  -1.9357763e-02
   2.0616663e-01  -1.0842022e-19   2.0594926e-02
   2.8323421e-01   0.0000000e+00   2.0532186e-02
   2.6268088e-01  -1.0842022e-19  -2.7099373e-02
   1.9925189e-01   0.0000000e+00  -1.3316363e-02
   2.1160809e-01  -2.7105054e-20   2.5979474e-02
   2.9550375e-01  -1.0842022e-19   1.5209609e-02
   2.5031601e-01   0.0000000e+00  -2.9255301e-02
   1.9743276e-01   5.4210109e-20  -8.2714419e-03
   2.1841359e-01  -1.0842022e-19   2.8586498e-02
   3.0290295e-01   0.0000000e+00   7.7947535e-03
   2.3628767e-01   6.7762636e-21  -2.9592169e-02
   1.9787847e-01   0.0000000e+00  -1.0152228e-03
   2.3230448e-01   0.0000000e+00   2.9555037e-02
   3.0426196e-01   0.0000000e+00  -5.0724710e-03
   2.2094831e-01   0.0000000e+00  -2.8995807e-02
   1.9738128e-01   0.0000000e+00   6.8042377e-03
   2.4728955e-01   1.0842022e-19   2.9487503e-02
   2.9765493e-01   0.0000000e+00  -1.3792086e-02
   2.1297068e-01   0.0000000e+00  -2.6885674e-02
   1.9838113e-01   0.0000000e+00   1.2014208e-02
   2.5901841e-01   2.1684043e-19   2.7976722e-02
   2.8740819e-01   0.0000000e+00  -1.9015280e-02
   2.0775463e-01   0.0000000e+00  -2.2388330e-02
   2.0302978e-01   0.0000000e+00   1.7545507e-02
   2.7496275e-01   1.0842022e-19   2.3486453e-02
   2.7041418e-01   0.0000000e+00  -2.4973683e-02
   2.0144126e-01   0.0000000e+00  -1.6007898e-02
   2.0904136e-01   0.0000000e+00   2.3827568e-02
   2.9056538e-01  -1.0842022e-19   1.7779300e-02
   2.5613420e-01   0.0000000e+00  -2.8567301e-02
   1.9782753e-01   1.0842022e-19  -1.0922739e-02
   2.1427022e-01  -1.3552527e-20   2.7541025e-02
   2.9935987e-01   1.0842022e-19   1.2398290e-02
   2.4446020e-01   2.7105054e-20  -2.9616177e-02
   1.9743269e-01  -1.0842022e-19  -5.3704579e-03
   2.2359063e-01   5.4210109e-20   2.9278565e-02
   3.0507187e-01   0.0000000e+00   2.3880351e-03
   2.2886234e-01   2.7105054e-20  -2.9510806e-02
   1.9772976e-01   0.0000000e+00   2.7182819e-03
   2.3949881e-01   0.0000000e+00   2.9630594e-02
   3.0164691e-01   0.0000000e+00  -9.7357860e-03
   2.1666395e-01   0.0000000e+00  -2.8237787e-02
   1.9749909e-01   0.0000000e+00   9.3215966e-03
   2.5251036e-01  -1.0842022e-19   2.9054927e-02
   2.9382584e-01  -1.0842022e-19  -1.6195004e-02
   2.1064338e-01  -1.3552527e-20  -2.5268511e-02
   1.9994501e-01   0.0000000e+00   1.4271414e-02
   2.6537827e-01   0.0000000e+00   2.6411155e-02
   2.8026716e-01   0.0000000e+00  -2.1606916e-02
   2.0503387e-01   0.0000000e+00  -1.9435298e-02
   2.0609422e-01   0.0000000e+00   2.0517404e-02
   2.8304307e-01   2.7105054e-20   2.0601329e-02
   2.6285154e-01   2.7105054e-20  -2.7056949e-02
   1.9929443e-01   0.0000000e+00  -1.3376960e-02
   2.1154609e-01   0.0000000e+00   2.5935595e-02
   2.9540054e-01   0.0000000e+00   1.5273657e-02
   2.5045633e-01   0.0000000e+00  -2.9243515e-02
   1.9743584e-01   5.4210109e-20  -8.3393572e-03
   2.1829827e-01   0.0000000e+00   2.8565569e-02
   3.0282906e-01   0.0000000e+00   7.9214509e-03
   2.3648708e-01  -1.0842022e-19  -2.9594682e-02
   1.9787224e-01   0.0000000e+00  -1.1197082e-03
   2.3209501e-01   1.0842022e-19   2.9553366e-02
   3.0432423e-01  -1.0842022e-19  -4.9180491e-03
   2.2109631e-01  -2.1684043e-19  -2.9015898e-02
   1.9738032e-01   5.4210109e-20   6.7210470e-03
   2.4712015e-01   0.0000000e+00   2.9498384e-02
   2.9776757e-01   0.0000000e+00  -1.3710666e-02
   2.1304817e-01  -6.7762636e-21  -2.6931861e-02
   1.9833808e-01  -1.0842022e-19   1.1943709e-02
   2.5882332e-01   0.0000000e+00   2.8020655e-02
   2.8762970e-01   0.0000000e+00  -1.8932818e-02
   2.0784053e-01   5.4210109e-20  -2.2488177e-02
   2.0291941e-01  -1.0842022e-19   1.7442370e-02
   2.7466083e-01   0.0000000e+00   2.3589509e-02
   2.7070847e-01   5.4210109e-20  -2.4882323e-02
   2.0153831e-01   0.0000000e+00  -1.6107206e-02
   2.0895674e-01   0.0000000e+00   2.3738482e-02
   2.9037061e-01   0.0000000e+00   1.7861430e-02
   2.5632374e-01   0.0000000e+00  -2.8533486e-02
   1.9785682e-01   0.0000000e+00  -1.0998956e-02
   2.1417040e-01   0.0000000e+00   2.7500195e-02
   2.9924375e-01   0.0000000e+00   1.2507177e-02
   2.4467621e-01   0.0000000e+00  -2.9610535e-02
   1.9742350e-01   0.0000000e+00  -5.4831873e-03
   2.2337567e-01   0.0000000e+00   2.9261294e-02
   3.0502977e-01   0.0000000e+00   2.6001416e-03
   2.2911977e-01   0.0000000e+00  -2.9515984e-02
   1.9774417e-01   0.0000000e+00   2.5911898e-03
   2.3926180e-01   0.0000000e+00   2.9628279e-02
   3.0174470e-01   1.0842022e-19  -9.5989563e-03
   2.1678686e-01  -1.3552527e-20  -2.8264958e-02
   1.9749207e-01   1.0842022e-19   9.2461479e-03
   2.5234990e-01   0.0000000e+00   2.9071214e-02
   2.9395373e-01   0.0000000e+00  -1.6123959e-02
   2.1071372e-01   0.0000000e+00  -2.5323224e-02
   1.9989082e-01   0.0000000e+00   1.4200211e-02
   2.6517604e-01   0.0000000e+00   2.6464416e-02
   2.8048620e-01   0.0000000e+00  -2.1527682e-02
   2.0511794e-01   0.0000000e+00  -1.9517971e-02
   2.0601653e-01  -1.0587912e-22   2.0434776e-02
   2.8283799e-01   0.0000000e+00   2.0675596e-02
   2.6303516e-01   0.0000000e+00  -2.7011226e-02
   1.9934018e-01   0.0000000e+00  -1.3442265e-02
   2.1147911e-01  -1.0842022e-19   2.5888213e-02
   2.9528746e-01   0.0000000e+00   1.5342754e-02
   2.5060837e-01   5.4210109e-20  -2.9230752e-02
   1.9743905e-01   1.0842022e-19  -8.4128453e-03
   2.1817385e-01   0.0000000e+00   2.8542757e-02
   3.0274789e-01   1.0842022e-19   8.0587230e-03
   2.3670470e-01   0.0000000e+00  -2.9597519e-02
   1.9786521e-01   0.0000000e+00  -1.2340469e-03
   2.3186446e-01   0.0000000e+00   2.9551566e-02
   3.0439083e-01  -1.0842022e-19  -4.7473698e-03
   2.2125966e-01   0.0000000e+00  -2.9037741e-02
   1.9737975e-01   5.4210109e-20   6.6291255e-03
   2.4693403e-01   0.0000000e+00   2.9510017e-02
   2.9789076e-01   0.0000000e+00  -1.3620640e-02
   2.1313347e-01   0.0000000e+00  -2.6982028e-02
   1.9829176e-01   0.0000000e+00   1.1866484e-02
   2.5861065e-01   0.0000000e+00   2.8068157e-02
   2.8787119e-01   5.4210109e-20  -1.8842620e-02
   2.0793493e-01   0.0000000e+00  -2.2597277e-02
   2.0279873e-01   0.0000000e+00   1.7329214e-02
   2.7432853e-01   0.0000000e+00   2.3702325e-02
   2.7103359e-01   5.4210109e-20  -2.4780561e-02
   2.0164675e-01   0.0000000e+00  -1.6216791e-02
   2.0886316e-01   0.0000000e+00   2.3639534e-02
   2.9015403e-01   6.7762636e-21   1.7951447e-02
   2.5653193e-01   0.0000000e+00  -2.8495451e-02
   1.9789024e-01   0.0000000e+00  -1.1081744e-02
   2.1406347e-01   0.0000000e+00   2.7454985e-02
   2.9911666e-01  -6.7762636e-21   1.2623353e-02
   2.4490742e-01   0.0000000e+00  -2.9603822e-02
   1.9741439e-01   0.0000000e+00  -5.6034931e-03
   2.2314672e-01   0.0000000e+00   2.9242073e-02
   3.0498041e-01   0.0000000e+00   2.8266655e-03
   2.2939672e-01  -1.0842022e-19  -2.9521223e-02
   1.9775793e-01   0.0000000e+00   2.4542044e-03
   2.3900518e-01   0.0000000e+00   2.9625716e-02
   3.0184932e-01   1.0842022e-19  -9.4501084e-03
   2.1692017e-01   0.0000000e+00  -2.8294099e-02
   1.9748499e-01   0.0000000e+00   9.1643422e-03
   2.5217713e-01  -1.6940659e-21   2.9088522e-02
   2.9409084e-01   0.0000000e+00  -1.6046973e-02
   2.1078980e-01   0.0000000e+00  -2.5381970e-02
   1.9983285e-01   0.0000000e+00   1.4123407e-02
   2.6495819e-01  -1.0842022e-19   2.6521562e-02
   2.8072320e-01   0.0000000e+00  -2.1441977e-02
   2.0520876e-01   3.3881318e-21  -1.9607940e-02
   2.0593062e-01  -2.7105054e-20   2.0344952e-02
   2.8261367e-01   0.0000000e+00   2.0756983e-02
   2.6323741e-01   1.0842022e-19  -2.6960861e-02
   1.9939054e-01   0.0000000e+00  -1.3514077e-02
   2.1140516e-01  -1.0842022e-19   2.5836008e-02
   2.9516304e-01   0.0000000e+00   1.5418609e-02
   2.5077613e-01   0.0000000e+00  -2.9216599e-02
   1.9744269e-01   0.0000000e+00  -8.4937487e-03
   2.1803696e-01   1.0842022e-19   2.8517442e-02
   3.0265705e-01  -1.0842022e-19   8.2099064e-03
   2.3694642e-01  -5.4210109e-20  -2.9600723e-02
   1.9785613e-01  -2.7105054e-20  -1.3612958e-03
   2.3160779e-01  -5.4210109e-20   2.9549457e-02
   3.0446304e-01   0.0000000e+00  -4.5554228e-03
   2.2144451e-01   0.0000000e+00  -2.9061615e-02
   1.9737977e-01   0.0000000e+00   6.5258512e-03
   2.4672540e-01   0.0000000e+00   2.9522546e-02
   2.9802678e-01   1.6940659e-21  -1.3519531e-02
   2.1322881e-01  -1.0842022e-19  -2.7037106e-02
   1.9824155e-01   0.0000000e+00   1.1780809e-02
   2.5837602e-01  -1.0842022e-19   2.8119975e-02
   2.8813679e-01   0.0000000e+00  -1.8742814e-02
   2.0803958e-01   0.0000000e+00  -2.2717673e-02
   2.0266572e-01  -4.2351647e-22   1.7203718e-02
   2.7395915e-01   5.4210109e-20   2.3827000e-02
   2.7139691e-01   1.3552527e-20  -2.4665868e-02
   2.0176895e-01  -6.7762636e-21  -1.6339074e-02
   2.0875954e-01   5.4210109e-20   2.3528223e-02
   2.8991066e-01   0.0000000e+00   1.8051167e-02
   2.5676334e-01  -1.0842022e-19  -2.8452109e-02
   1.9792896e-01  -1.0842022e-19  -1.1172537e-02
   2.1394840e-01   1.0842022e-19   2.7404308e-02
   2.9897679e-01   0.0000000e+00   1.2748188e-02
   2.4515735e-01   0.0000000e+00  -2.9595701e-02
   1.9740589e-01   0.0000000e+00  -5.7327011e-03
   2.2290282e-01   0.0000000e+00   2.9220353e-02
   3.0492192e-01   0.0000000e+00   3.0699884e-03
   2.2969775e-01   0.0000000e+00  -2.9526415e-02
   1.9777330e-01   1.0842022e-19   2.3055463e-03
   2.3872648e-01   0.0000000e+00   2.9622773e-02
   3.0196197e-01  -1.0842022e-19  -9.2870009e-03
   2.1706619e-01   0.0000000e+00  -2.8325463e-02
   1.9747772e-01   0.0000000e+00   9.0750447e-03
   2.5198810e-01   0.0000000e+00   2.9107035e-02
   2.9423923e-01   0.0000000e+00  -1.5963013e-02
   2.1087264e-01   0.0000000e+00  -2.5445299e-02
   1.9977042e-01   0.0000000e+00   1.4040140e-02
   2.6472190e-01   0.0000000e+00   2.6583115e-02
   2.8098080e-01   0.0000000e+00  -2.1348861e-02
   2.0530678e-01   0.0000000e+00  -1.9706373e-02
   2.0583611e-01   0.0000000e+00   2.0246730e-02
   2.8236688e-01   0.0000000e+00   2.0846587e-02
   2.6346047e-01   1.3552527e-20  -2.6905047e-02
   1.9944637e-01   0.0000000e+00  -1.3593349e-02
   2.1132384e-01   1.0842022e-19   2.5778119e-02
   2.9502552e-01   0.0000000e+00   1.5502070e-02
   2.5096031e-01   0.0000000e+00  -2.9200840e-02
   1.9744689e-01   0.0000000e+00  -8.5829227e-03
   2.1788601e-01   0.0000000e+00   2.8489259e-02
   3.0255492e-01   1.0842022e-19   8.3764321e-03
   2.3721514e-01   0.0000000e+00  -2.9604285e-02
   1.9784529e-01   0.0000000e+00  -1.5030101e-03
   2.3132195e-01   0.0000000e+00   2.9546889e-02
   3.0454114e-01   0.0000000e+00  -4.3392586e-03
   2.2165401e-01   0.0000000e+00  -2.9087599e-02
   1.9738078e-01   1.0842022e-19   6.4097375e-03
   2.4649183e-01  -5.4210109e-20   2.9535869e-02
   2.9817602e-01   0.0000000e+00  -1.3405985e-02
   2.1333572e-01   0.0000000e+00  -2.7097156e-02
   1.9818762e-01   0.0000000e+00   1.1686088e-02
   2.5811870e-01   0.0000000e+00   2.8176020e-02
   2.8842694e-01   5.4210109e-20  -1.8632954e-02
   2.0815374e-01   0.0000000e+00  -2.2849704e-02
   2.0251876e-01   0.0000000e+00   1.7065558e-02
   2.7355162e-01   0.0000000e+00   2.3963709e-02
   2.7179958e-01   0.0000000e+00  -2.4537316e-02
   2.0190560e-01   0.0000000e+00  -1.6474797e-02
   2.0864573e-01   0.0000000e+00   2.3403624e-02
   2.8963878e-01   0.0000000e+00   1.8160982e-02
   2.5701782e-01   0.0000000e+00  -2.8402979e-02
   1.9797361e-01   0.0000000e+00  -1.1271474e-02
   2.1382546e-01  -5.4210109e-20   2.7347797e-02
   2.9882393e-01   0.0000000e+00   1.2881137e-02
   2.4542492e-01  -1.0842022e-19  -2.9585970e-02
   1.9739850e-01   0.0000000e+00  -5.8701178e-03
   2.2264570e-01   0.0000000e+00   2.9195982e-02
   3.0485573e-01   0.0000000e+00   3.3286196e-03
   2.3002160e-01   0.0000000e+00  -2.9531453e-02
   1.9778884e-01   5.4210109e-20   2.1457949e-03
   2.3842666e-01   0.0000000e+00   2.9619435e-02
   3.0208194e-01   1.0842022e-19  -9.1098509e-03
   2.1722528e-01   0.0000000e+00  -2.8358778e-02
   1.9747057e-01   0.0000000e+00   8.9784795e-03
   2.5178526e-01   0.0000000e+00   2.9126502e-02
   2.9439781e-01   0.0000000e+00  -1.5872345e-02
   2.1096180e-01   0.0000000e+00  -2.5512747e-02
   1.9970417e-01  -5.4210109e-20   1.3950872e-02
   2.6446875e-01  -5.4210109e-20   2.6648597e-02
   2.8125742e-01   0.0000000e+00  -2.1248823e-02
   2.0541226e-01  -5.4210109e-20  -1.9812741e-02
   2.0573352e-01   0.0000000e+00   2.0140512e-02
   2.8209817e-01   0.0000000e+00   2.0944119e-02
   2.6370355e-01   0.0000000e+00  -2.6843820e-02
   1.9950772e-01   0.0000000e+00  -1.3679824e-02
   2.1123552e-01   1.0842022e-19   2.5714613e-02
   2.9487503e-01   0.0000000e+00   1.5592622e-02
   2.5116155e-01   0.0000000e+00  -2.9183362e-02
   1.9745192e-01   0.0000000e+00  -8.6797591e-03
   2.1772300e-01   0.0000000e+00   2.8458155e-02
   3.0244195e-01   0.0000000e+00   8.5569346e-03
   2.3750927e-01   0.0000000e+00  -2.9608135e-02
   1.9783305e-01   0.0000000e+00  -1.6584090e-03
   2.3100775e-01   0.0000000e+00   2.9543805e-02
   3.0462432e-01   0.0000000e+00  -4.0993881e-03
   2.2188714e-01   0.0000000e+00  -2.9115303e-02
   1.9738324e-01   0.0000000e+00   6.2811807e-03
   2.4623528e-01   0.0000000e+00   2.9549576e-02
   2.9833742e-01   6.7762636e-21  -1.3280501e-02
   2.1345347e-01  -1.0842022e-19  -2.7161158e-02
   1.9813101e-01   0.0000000e+00   1.1583430e-02
   2.5784142e-01   0.0000000e+00   2.8235165e-02
   2.8873656e-01   0.0000000e+00  -1.8514580e-02
   2.0827770e-01   0.0000000e+00  -2.2990884e-02
   2.0236206e-01   0.0000000e+00   1.6916689e-02
   2.7311061e-01   0.0000000e+00   2.4110090e-02
   2.7223659e-01   0.0000000e+00  -2.4396360e-02
   2.0205602e-01   0.0000000e+00  -1.6622000e-02
   2.0852258e-01   0.0000000e+00   2.3267290e-02
   2.8934101e-01   0.0000000e+00   1.8279339e-02
   2.5729268e-01   0.0000000e+00  -2.8348385e-02
   1.9802406e-01   0.0000000e+00  -1.1376922e-02
