   2.6559384e-01   0.0000000e+00   2.6354024e-02
   2.8003355e-01   0.0000000e+00  -2.1691100e-02
   2.0494518e-01   8.4703295e-22  -1.9347757e-02
   2.0617633e-01   1.3552527e-20   2.0604736e-02
   2.8325818e-01  -5.4210109e-20   2.0523195e-02
   2.6265838e-01   0.0000000e+00  -2.7104737e-02
   1.9924669e-01  -1.0842022e-19  -1.3308309e-02
   2.1161635e-01   0.0000000e+00   2.5985188e-02
   2.9551810e-01   0.0000000e+00   1.5200702e-02
   2.5029608e-01   0.0000000e+00  -2.9256766e-02
   1.9743296e-01   1.0842022e-19  -8.2617662e-03
   2.1843060e-01   0.0000000e+00   2.8589284e-02
   3.0291346e-01   0.0000000e+00   7.7763394e-03
   2.3625832e-01   5.4210109e-20  -2.9591702e-02
   1.9787958e-01   0.0000000e+00  -9.9997355e-04
   2.3233524e-01   0.0000000e+00   2.9555161e-02
   3.0425258e-01  -2.7105054e-20  -5.0950883e-03
   2.2092658e-01   1.0842022e-19  -2.8992672e-02
   1.9738150e-01   0.0000000e+00   6.8166064e-03
   2.4731480e-01  -5.4210109e-20   2.9485689e-02
   2.9763819e-01   0.0000000e+00  -1.3804367e-02
   2.1295866e-01   0.0000000e+00  -2.6878320e-02
   1.9838756e-01   0.0000000e+00   1.2025269e-02
   2.5904892e-01   0.0000000e+00   2.7969584e-02
   2.8737207e-01   0.0000000e+00  -1.9028373e-02
   2.0774066e-01   0.0000000e+00  -2.2372243e-02
   2.0304776e-01  -1.0842022e-19   1.7562027e-02
   2.7501074e-01   0.0000000e+00   2.3469752e-02
   2.7036721e-01   0.0000000e+00  -2.4988226e-02
   2.0142638e-01   0.0000000e+00  -1.5991736e-02
   2.0905528e-01   0.0000000e+00   2.3841882e-02
   2.9059684e-01  -5.4210109e-20   1.7765713e-02
   2.5610240e-01   5.4210109e-20  -2.8572683e-02
   1.9782363e-01   0.0000000e+00  -1.0909849e-02
   2.1428701e-01   0.0000000e+00   2.7547761e-02
   2.9937892e-01   0.0000000e+00   1.2379410e-02
   2.4442261e-01   0.0000000e+00  -2.9616981e-02
   1.9743413e-01   0.0000000e+00  -5.3507676e-03
   2.2362853e-01   0.0000000e+00   2.9281405e-02
   3.0507956e-01   0.0000000e+00   2.3507565e-03
   2.2881717e-01   0.0000000e+00  -2.9509774e-02
   1.9772803e-01  -1.0842022e-19   2.7405995e-03
   2.3954057e-01   0.0000000e+00   2.9630885e-02
   3.0162939e-01   0.0000000e+00  -9.7598500e-03
   2.1664247e-01   0.0000000e+00  -2.8232747e-02
   1.9750121e-01  -1.0842022e-19   9.3350577e-03
   2.5253930e-01   0.0000000e+00   2.9051782e-02
   2.9380156e-01   0.0000000e+00  -1.6207937e-02
   2.1063017e-01   0.0000000e+00  -2.5258188e-02
   1.9995563e-01   0.0000000e+00   1.4284686e-02
   2.6541692e-01   0.0000000e+00   2.6400918e-02
   2.8022507e-01   0.0000000e+00  -2.1621851e-02
   2.0501839e-01  -1.3552527e-20  -1.9419496e-02
   2.0610912e-01   0.0000000e+00   2.0533058e-02
   2.8308181e-01   0.0000000e+00   2.0587073e-02
   2.6281621e-01   0.0000000e+00  -2.7065555e-02
   1.9928580e-01   0.0000000e+00  -1.3364279e-02
   2.1155889e-01   5.4210109e-20   2.5944692e-02
   2.9542162e-01   0.0000000e+00   1.5259898e-02
   2.5042615e-01   0.0000000e+00  -2.9245876e-02
   1.9743576e-01   0.0000000e+00  -8.3244743e-03
   2.1832407e-01  -1.0842022e-19   2.8569995e-02
   3.0284482e-01   5.4210109e-20   7.8933140e-03
   2.3644249e-01   0.0000000e+00  -2.9593992e-02
   1.9787425e-01   1.0842022e-19  -1.0962688e-03
   2.3214179e-01   5.4210109e-20   2.9553652e-02
   3.0430988e-01   0.0000000e+00  -4.9530133e-03
   2.2106237e-01  -5.4210109e-20  -2.9011258e-02
   1.9738079e-01   0.0000000e+00   6.7400492e-03
   2.4715950e-01   0.0000000e+00   2.9495739e-02
   2.9774148e-01   0.0000000e+00  -1.3729461e-02
   2.1302981e-01   5.4210109e-20  -2.6920993e-02
   1.9834791e-01   0.0000000e+00   1.1960262e-02
   2.5886934e-01   0.0000000e+00   2.8010178e-02
   2.8757716e-01   1.0842022e-19  -1.8952304e-02
   2.0782028e-01  -1.0842022e-19  -2.2464305e-02
   2.0294625e-01   0.0000000e+00   1.7466937e-02
   2.7473277e-01   5.4210109e-20   2.3564780e-02
   2.7063801e-01   0.0000000e+00  -2.4904264e-02
   2.0151552e-01   0.0000000e+00  -1.6083178e-02
   2.0897684e-01   0.0000000e+00   2.3760020e-02
   2.9041722e-01   1.0842022e-19   1.7841482e-02
   2.5627765e-01   0.0000000e+00  -2.8541646e-02
   1.9785031e-01   1.0842022e-19  -1.0980291e-02
   2.1419464e-01   0.0000000e+00   2.7510155e-02
   2.9927140e-01   0.0000000e+00   1.2480408e-02
   2.4462283e-01   5.4210109e-20  -2.9611870e-02
   1.9742549e-01  -5.4210109e-20  -5.4553201e-03
   2.2342858e-01   0.0000000e+00   2.9265575e-02
   3.0504033e-01   1.0842022e-19   2.5474456e-03
   2.2905528e-01   5.4210109e-20  -2.9514651e-02
   1.9774038e-01   0.0000000e+00   2.6229834e-03
   2.3932086e-01   0.0000000e+00   2.9628783e-02
   3.0171974e-01   5.4210109e-20  -9.6334360e-03
   2.1675556e-01   0.0000000e+00  -2.8257998e-02
   1.9749468e-01   0.0000000e+00   9.2652939e-03
   2.5239126e-01  -1.0842022e-19   2.9066894e-02
   2.9392021e-01   1.0842022e-19  -1.6142221e-02
   2.1069522e-01  -5.4210109e-20  -2.5308920e-02
   1.9990539e-01   1.0842022e-19   1.4218752e-02
   2.6522919e-01  -2.7105054e-20   2.6450316e-02
   2.8042820e-01   0.0000000e+00  -2.1548492e-02
   2.0509584e-01   2.7105054e-20  -1.9495963e-02
   2.0603697e-01   0.0000000e+00   2.0456718e-02
   2.8289314e-01   0.0000000e+00   2.0655601e-02
   2.6298609e-01   1.3552527e-20  -2.7023382e-02
   1.9932787e-01  -1.0842022e-19  -1.3424539e-02
   2.1149705e-01   0.0000000e+00   2.5901025e-02
   2.9531823e-01   1.0842022e-19   1.5323659e-02
   2.5056635e-01   0.0000000e+00  -2.9234122e-02
   1.9743876e-01   0.0000000e+00  -8.3922741e-03
   2.1820874e-01   1.0842022e-19   2.8549044e-02
   3.0276989e-01   0.0000000e+00   8.0199677e-03
   2.3664344e-01   3.3881318e-21  -2.9596573e-02
   1.9786757e-01   0.0000000e+00  -1.2015113e-03
   2.3193033e-01   2.7105054e-20   2.9551979e-02
   3.0437166e-01   0.0000000e+00  -4.7962917e-03
   2.2121293e-01   0.0000000e+00  -2.9031370e-02
   1.9738020e-01   0.0000000e+00   6.6556092e-03
   2.4698777e-01   0.0000000e+00   2.9506559e-02
   2.9785441e-01   0.0000000e+00  -1.3646767e-02
   2.1310823e-01   0.0000000e+00  -2.6967348e-02
   1.9830514e-01   0.0000000e+00   1.1889098e-02
   2.5867338e-01   0.0000000e+00   2.8054116e-02
   2.8780057e-01  -1.0842022e-19  -1.8869113e-02
   2.0790761e-01   0.0000000e+00  -2.2564921e-02
   2.0283509e-01  -3.3881318e-21   1.7362636e-02
   2.7442702e-01   0.0000000e+00   2.3668823e-02
   2.7093728e-01   0.0000000e+00  -2.4810856e-02
   2.0161452e-01  -2.7105054e-20  -1.6184073e-02
   2.0889086e-01  -5.4210109e-20   2.3669107e-02
   2.9021831e-01   0.0000000e+00   1.7924507e-02
   2.5646965e-01   0.0000000e+00  -2.8506825e-02
   1.9788075e-01  -1.0842022e-19  -1.1056845e-02
   2.1409588e-01   0.0000000e+00   2.7468529e-02
   2.9915427e-01  -1.0842022e-19   1.2588400e-02
   2.4483808e-01   0.0000000e+00  -2.9605790e-02
   1.9741715e-01   0.0000000e+00  -5.5671529e-03
   2.2321619e-01   0.0000000e+00   2.9247864e-02
   3.0499507e-01   0.0000000e+00   2.7580211e-03
   2.2931290e-01   0.0000000e+00  -2.9519557e-02
   1.9775376e-01   0.0000000e+00   2.4959565e-03
   2.3908350e-01   0.0000000e+00   2.9626420e-02
   3.0181691e-01  -5.4210109e-20  -9.4957540e-03
   2.1687903e-01   0.0000000e+00  -2.8285064e-02
   1.9748796e-01  -1.0842022e-19   9.1895356e-03
   2.5223035e-01   5.4210109e-20   2.9083049e-02
   2.9404845e-01  -1.0842022e-19  -1.6070874e-02
   2.1076569e-01   0.0000000e+00  -2.5363528e-02
   1.9985135e-01   1.0842022e-19   1.4147476e-02
   2.6502655e-01   0.0000000e+00   2.6503467e-02
   2.8064852e-01   1.0842022e-19  -2.1468996e-02
   2.0517975e-01   0.0000000e+00  -1.9579324e-02
   2.0595781e-01  -5.4210109e-20   2.0373512e-02
   2.8268570e-01   0.0000000e+00   2.0730831e-02
   2.6317229e-01   5.4210109e-20  -2.6976935e-02
   1.9937433e-01   0.0000000e+00  -1.3490883e-02
   2.1142889e-01   0.0000000e+00   2.5852833e-02
   2.9520392e-01   0.0000000e+00   1.5393794e-02
   2.5072082e-01   0.0000000e+00  -2.9221107e-02
   1.9744208e-01   0.0000000e+00  -8.4670588e-03
   2.1808206e-01   0.0000000e+00   2.8525723e-02
   3.0268619e-01  -1.0842022e-19   8.1597565e-03
   2.3686620e-01  -1.0842022e-19  -2.9599537e-02
   1.9785916e-01   5.4210109e-20  -1.3188102e-03
   2.3169390e-01   0.0000000e+00   2.9550069e-02
   3.0443904e-01   0.0000000e+00  -4.6199031e-03
   2.2138252e-01   1.0842022e-19  -2.9053530e-02
   1.9738019e-01   1.0842022e-19   6.5606463e-03
   2.4679584e-01  -5.4210109e-20   2.9518261e-02
   2.9798000e-01   0.0000000e+00  -1.3553767e-02
   2.1319632e-01   2.7105054e-20  -2.7018404e-02
   1.9825834e-01   0.0000000e+00   1.1809944e-02
   2.5845583e-01  -5.4210109e-20   2.8102299e-02
   2.8804674e-01   0.0000000e+00  -1.8776808e-02
   2.0800364e-01  -5.4210109e-20  -2.2676492e-02
   2.0271104e-01   0.0000000e+00   1.7246696e-02
   2.7408611e-01   0.0000000e+00   2.3784236e-02
   2.7127188e-01   0.0000000e+00  -2.4705378e-02
   2.0172652e-01   0.0000000e+00  -1.6296977e-02
   2.0879538e-01   0.0000000e+00   2.3566609e-02
   2.8999429e-01  -1.0842022e-19   1.8016771e-02
   2.5668306e-01   0.0000000e+00  -2.8467118e-02
   1.9791605e-01   1.0842022e-19  -1.1141139e-02
   2.1398859e-01   0.0000000e+00   2.7421794e-02
   2.9902474e-01   0.0000000e+00   1.2705106e-02
   2.4507089e-01   0.0000000e+00  -2.9598511e-02
   1.9740918e-01   1.0842022e-19  -5.6879626e-03
   2.2298729e-01   0.0000000e+00   2.9227909e-02
   3.0494254e-01   5.4210109e-20   2.9855748e-03
   2.2959298e-01  -1.0842022e-19  -2.9524575e-02
   1.9776854e-01   0.0000000e+00   2.3573762e-03
   2.3882426e-01   0.0000000e+00   2.9623706e-02
   3.0192229e-01   0.0000000e+00  -9.3441876e-03
   2.1701548e-01   0.0000000e+00  -2.8314331e-02
   1.9748086e-01   0.0000000e+00   9.1064422e-03
   2.5205514e-01   0.0000000e+00   2.9100398e-02
   2.9418693e-01   0.0000000e+00  -1.5992702e-02
   2.1084282e-01   0.0000000e+00  -2.5422754e-02
   1.9979294e-01   0.0000000e+00   1.4069771e-02
   2.6480602e-01   0.0000000e+00   2.6561063e-02
   2.8088888e-01   0.0000000e+00  -2.1382130e-02
   2.0527148e-01  -5.4210109e-20  -1.9670934e-02
   2.0587034e-01  -1.0842022e-19   2.0282049e-02
   2.8245623e-01   2.7105054e-20   2.0814093e-02
   2.6337923e-01   0.0000000e+00  -2.6925223e-02
   1.9942606e-01   0.0000000e+00  -1.3564481e-02
   2.1135345e-01   0.0000000e+00   2.5799167e-02
   2.9507579e-01   5.4210109e-20   1.5471424e-02
   2.5089296e-01   8.4703295e-22  -2.9206513e-02
   1.9744596e-01   0.0000000e+00  -8.5499655e-03
   2.1794228e-01   6.7762636e-21   2.8499569e-02
   3.0259201e-01   1.0842022e-19   8.3146737e-03
   2.3711507e-01  -1.0842022e-19  -2.9602868e-02
   1.9784970e-01   0.0000000e+00  -1.4501511e-03
   2.3142854e-01   0.0000000e+00   2.9547806e-02
   3.0451269e-01   2.7105054e-20  -4.4203184e-03
   2.2157508e-01   0.0000000e+00  -2.9077873e-02
   1.9738096e-01  -3.3881318e-21   6.4533518e-03
   2.4657992e-01  -1.0842022e-19   2.9530831e-02
   2.9811932e-01   0.0000000e+00  -1.3448778e-02
   2.1329547e-01   0.0000000e+00  -2.7074531e-02
   1.9820754e-01   5.4210109e-20   1.1721838e-02
   2.5821543e-01   0.0000000e+00   2.8154896e-02
   2.8831795e-01   0.0000000e+00  -1.8674417e-02
   2.0811046e-01   0.0000000e+00  -2.2799752e-02
   2.0257417e-01   0.0000000e+00   1.7117912e-02
   2.7370625e-01   0.0000000e+00   2.3911896e-02
   2.7164614e-01   0.0000000e+00  -2.4586316e-02
   2.0185326e-01   0.0000000e+00  -1.6423128e-02
   2.0868955e-01   1.6940659e-21   2.3451094e-02
   2.8974211e-01   0.0000000e+00   1.8119141e-02
   2.5692071e-01   0.0000000e+00  -2.8421787e-02
   1.9795705e-01  -1.0842022e-19  -1.1233727e-02
   2.1387246e-01   0.0000000e+00   2.7369378e-02
   2.9888177e-01   0.0000000e+00   1.2830606e-02
   2.4532277e-01   0.0000000e+00  -2.9589723e-02
   1.9740120e-01   0.0000000e+00  -5.8177819e-03
   2.2274320e-01   5.4210109e-20   2.9205380e-02
   3.0488228e-01   0.0000000e+00   3.2299580e-03
   2.2989727e-01   0.0000000e+00  -2.9529536e-02
   1.9778293e-01   5.4210109e-20   2.2070343e-03
   2.3854202e-01   0.0000000e+00   2.9620647e-02
   3.0203585e-01  -5.4210109e-20  -9.1781023e-03
   2.1716403e-01   1.0842022e-19  -2.8345877e-02
   1.9747360e-01   0.0000000e+00   9.0157690e-03
   2.5186366e-01   0.0000000e+00   2.9118893e-02
   2.9433621e-01   0.0000000e+00  -1.5907503e-02
   2.1092670e-01   0.0000000e+00  -2.5486497e-02
   1.9973031e-01   1.0842022e-19   1.3985616e-02
   2.6456772e-01   0.0000000e+00   2.6622969e-02
   2.8114944e-01  -1.3552527e-20  -2.1287902e-02
   2.0537106e-01   0.0000000e+00  -1.9770891e-02
   2.0577440e-01   0.0000000e+00   2.0182190e-02
   2.8220419e-01   0.0000000e+00   2.0905547e-02
   2.6360741e-01   0.0000000e+00  -2.6867980e-02
   1.9948341e-01   0.0000000e+00  -1.3645507e-02
   2.1127062e-01   0.0000000e+00   2.5739786e-02
   2.9493459e-01   0.0000000e+00   1.5556507e-02
   2.5108100e-01   0.0000000e+00  -2.9190263e-02
   1.9745056e-01   0.0000000e+00  -8.6409328e-03
   2.1778858e-01   0.0000000e+00   2.8470564e-02
   3.0248689e-01   0.0000000e+00   8.4844010e-03
   2.3739039e-01   0.0000000e+00  -2.9606519e-02
   1.9783817e-01   2.7105054e-20  -1.5956399e-03
   2.3113463e-01   0.0000000e+00   2.9545034e-02
   3.0459098e-01   1.0842022e-19  -4.1967569e-03
   2.2179213e-01   5.4210109e-20  -2.9104123e-02
   1.9738201e-01   0.0000000e+00   6.3334448e-03
   2.4633931e-01  -1.0842022e-19   2.9544033e-02
   2.9827155e-01   0.0000000e+00  -1.3331600e-02
   2.1340579e-01   0.0000000e+00  -2.7135167e-02
   1.9815343e-01   5.4210109e-20   1.1625205e-02
   2.5795397e-01  -1.0842022e-19   2.8211187e-02
   2.8861138e-01   0.0000000e+00  -1.8562707e-02
   2.0822766e-01   0.0000000e+00  -2.2933367e-02
   2.0242616e-01   0.0000000e+00   1.6977337e-02
   2.7329045e-01  -5.4210109e-20   2.4050449e-02
   2.7205789e-01  -2.7105054e-20  -2.4454152e-02
   2.0199456e-01   1.0842022e-19  -1.6561691e-02
   2.0857287e-01   0.0000000e+00   2.3323242e-02
   2.8946278e-01   0.0000000e+00   1.8230849e-02
   2.5718030e-01   0.0000000e+00  -2.8370856e-02
   1.9800369e-01   3.3881318e-21  -1.1333703e-02
   2.1374963e-01   0.0000000e+00   2.7311462e-02
   2.9872671e-01   0.0000000e+00   1.2962970e-02
   2.4559009e-01   0.0000000e+00  -2.9579321e-02
   1.9739388e-01   0.0000000e+00  -5.9544781e-03
   2.2248848e-01   0.0000000e+00   2.9180357e-02
   3.0481144e-01  -1.0842022e-19   3.4869808e-03
   2.3022125e-01   1.3552527e-20  -2.9534259e-02
   1.9779872e-01   1.0842022e-19   2.0471448e-03
   2.3824148e-01   0.0000000e+00   2.9617203e-02
   3.0215562e-01   0.0000000e+00  -8.9995859e-03
   2.1732431e-01   0.0000000e+00  -2.8379009e-02
   1.9746646e-01   0.0000000e+00   8.9187485e-03
   2.5166016e-01   0.0000000e+00   2.9138126e-02
   2.9449399e-01   5.4210109e-20  -1.5816473e-02
   2.1101612e-01   0.0000000e+00  -2.5553617e-02
   1.9966465e-01  -1.0842022e-19   1.3896399e-02
   2.6431526e-01  -6.7762636e-21   2.6688055e-02
   2.8142601e-01   0.0000000e+00  -2.1187819e-02
   2.0547718e-01   0.0000000e+00  -1.9877629e-02
   2.0567087e-01   0.0000000e+00   2.0075509e-02
   2.8193317e-01   5.4210109e-20   2.1003905e-02
   2.6385338e-01   0.0000000e+00  -2.6805876e-02
   1.9954576e-01   0.0000000e+00  -1.3732812e-02
   2.1118165e-01   0.0000000e+00   2.5675427e-02
   2.9478198e-01   1.0842022e-19   1.5647594e-02
   2.5128354e-01   0.0000000e+00  -2.9172441e-02
   1.9745547e-01   0.0000000e+00  -8.7383630e-03
   2.1762487e-01   0.0000000e+00   2.8439001e-02
   3.0237242e-01   0.0000000e+00   8.6656789e-03
   2.3768733e-01   0.0000000e+00  -2.9610365e-02
   1.9782490e-01   0.0000000e+00  -1.7528284e-03
   2.3081722e-01   0.0000000e+00   2.9541663e-02
   3.0467115e-01   0.0000000e+00  -3.9523721e-03
   2.2203101e-01  -1.0842022e-19  -2.9131560e-02
   1.9738472e-01   0.0000000e+00   6.2026696e-03
   2.4607924e-01   2.7105054e-20   2.9557312e-02
   2.9843299e-01   0.0000000e+00  -1.3204096e-02
   2.1352540e-01   0.0000000e+00  -2.7198634e-02
   1.9809799e-01  -5.4210109e-20   1.1522205e-02
   2.5767797e-01   0.0000000e+00   2.8269427e-02
