   2.7012839e-01  -5.4210109e-20  -2.5060532e-02
   2.0134953e-01   0.0000000e+00  -1.5910266e-02
   2.0912709e-01   0.0000000e+00   2.3913493e-02
   2.9075646e-01   0.0000000e+00   1.7695732e-02
   2.5594042e-01   0.0000000e+00  -2.8599247e-02
   1.9780152e-01  -5.4210109e-20  -1.0842480e-02
   2.1437980e-01  -2.7105054e-20   2.7581821e-02
   2.9948206e-01   0.0000000e+00   1.2277651e-02
   2.4422125e-01   0.0000000e+00  -2.9620377e-02
   1.9744508e-01  -1.0842022e-19  -5.2439142e-03
   2.2383581e-01   0.0000000e+00   2.9295973e-02
   3.0511374e-01   0.0000000e+00   2.1476451e-03
   2.2857314e-01   0.0000000e+00  -2.9503461e-02
   1.9771599e-01   0.0000000e+00   2.8621629e-03
   2.3976959e-01  -5.4210109e-20   2.9631851e-02
   3.0153136e-01   0.0000000e+00  -9.8909018e-03
   2.1652465e-01  -5.4210109e-20  -2.8204131e-02
   1.9751091e-01   0.0000000e+00   9.4097385e-03
   2.5270233e-01   2.7105054e-20   2.9033147e-02
   2.9366485e-01   0.0000000e+00  -1.6280393e-02
   2.1055855e-01   0.0000000e+00  -2.5198011e-02
   2.0001710e-01   0.0000000e+00   1.4360808e-02
   2.6563714e-01   2.7105054e-20   2.6341093e-02
   2.7998372e-01   0.0000000e+00  -2.1707814e-02
   2.0492698e-01   0.0000000e+00  -1.9327854e-02
   2.0619635e-01   0.0000000e+00   2.0623612e-02
   2.8330800e-01   0.0000000e+00   2.0503742e-02
   2.6261075e-01   1.0842022e-19  -2.7114965e-02
   1.9923747e-01   0.0000000e+00  -1.3289577e-02
   2.1163935e-01  -1.0842022e-19   2.5997149e-02
   2.9555063e-01  -1.0842022e-19   1.5177098e-02
   2.5024399e-01   0.0000000e+00  -2.9259205e-02
   1.9743479e-01   0.0000000e+00  -8.2343241e-03
   2.1848011e-01   0.0000000e+00   2.8596263e-02
   3.0294326e-01  -1.0842022e-19   7.7210930e-03
   2.3617179e-01   0.0000000e+00  -2.9589322e-02
   1.9788457e-01   0.0000000e+00  -9.5326246e-04
   2.3243153e-01   0.0000000e+00   2.9554672e-02
   3.0422180e-01   0.0000000e+00  -5.1655705e-03
   2.2085933e-01   0.0000000e+00  -2.8981571e-02
   1.9738520e-01   0.0000000e+00   6.8563830e-03
   2.4739961e-01   1.0842022e-19   2.9478485e-02
   2.9757591e-01  -1.0842022e-19  -1.3845355e-02
   2.1291961e-01   1.0842022e-19  -2.6851247e-02
   1.9841480e-01   0.0000000e+00   1.2064193e-02
   2.5916138e-01  -2.7105054e-20   2.7942636e-02
   2.8723983e-01   5.4210109e-20  -1.9075877e-02
   2.0769104e-01   0.0000000e+00  -2.2311934e-02
   2.0311597e-01   1.0842022e-19   1.7623205e-02
   2.7519183e-01   0.0000000e+00   2.3406602e-02
   2.7018880e-01   0.0000000e+00  -2.5042149e-02
   2.0136923e-01   2.7105054e-20  -1.5930507e-02
   2.0910951e-01   0.0000000e+00   2.3895528e-02
   2.9071734e-01   0.0000000e+00   1.7712715e-02
   2.5598003e-01   0.0000000e+00  -2.8592527e-02
   1.9780729e-01   5.4210109e-20  -1.0858475e-02
   2.1435844e-01  -1.0842022e-19   2.7573500e-02
   2.9945773e-01   0.0000000e+00   1.2301166e-02
   2.4426802e-01   6.7762636e-21  -2.9619355e-02
   1.9744295e-01   0.0000000e+00  -5.2682577e-03
   2.2378912e-01  -2.7105054e-20   2.9292489e-02
   3.0510649e-01   0.0000000e+00   2.1934021e-03
   2.2862822e-01   0.0000000e+00  -2.9504678e-02
   1.9771926e-01   0.0000000e+00   2.8350831e-03
   2.3971940e-01   0.0000000e+00   2.9631404e-02
   3.0155268e-01   0.0000000e+00  -9.8621023e-03
   2.1655063e-01   0.0000000e+00  -2.8210021e-02
   1.9750946e-01   0.0000000e+00   9.3937145e-03
   2.5266834e-01   0.0000000e+00   2.9036743e-02
   2.9369280e-01  -2.7105054e-20  -1.6265251e-02
   2.1057310e-01  -1.0842022e-19  -2.5209968e-02
   2.0000575e-01  -3.3881318e-21   1.4345429e-02
   2.6559351e-01   0.0000000e+00   2.6352717e-02
   2.8003030e-01   0.0000000e+00  -2.1690807e-02
   2.0494527e-01   0.0000000e+00  -1.9345482e-02
   2.0617997e-01   0.0000000e+00   2.0605987e-02
   2.8326414e-01   0.0000000e+00   2.0519467e-02
   2.6264909e-01   0.0000000e+00  -2.7105411e-02
   1.9924704e-01   1.0842022e-19  -1.3303356e-02
   2.1162462e-01   0.0000000e+00   2.5987287e-02
   2.9552690e-01   5.4210109e-20   1.5191778e-02
   2.5027575e-01   0.0000000e+00  -2.9256583e-02
   1.9743587e-01   2.1175824e-22  -8.2498801e-03
   2.1845365e-01  -5.4210109e-20   2.8591519e-02
   3.0292553e-01   0.0000000e+00   7.7502502e-03
   2.3621710e-01   0.0000000e+00  -2.9589931e-02
   1.9788295e-01   1.0842022e-19  -9.7712838e-04
   2.3238370e-01   1.0842022e-19   2.9554335e-02
   3.0423529e-01   0.0000000e+00  -5.1305741e-03
   2.2089254e-01   1.0842022e-19  -2.8986289e-02
   1.9738450e-01   1.0842022e-19   6.8374747e-03
   2.4736067e-01   0.0000000e+00   2.9481103e-02
   2.9760212e-01   5.4210109e-20  -1.3826784e-02
   2.1293697e-01   0.0000000e+00  -2.6862124e-02
   1.9840443e-01  -5.4210109e-20   1.2047871e-02
   2.5911578e-01   0.0000000e+00   2.7953021e-02
   2.8729240e-01  -3.3881318e-21  -1.9056668e-02
   2.0771096e-01   0.0000000e+00  -2.2335245e-02
   2.0308982e-01   0.0000000e+00   1.7599277e-02
   2.7512241e-01   0.0000000e+00   2.3430625e-02
   2.7025626e-01   0.0000000e+00  -2.5021296e-02
   2.0139163e-01   0.0000000e+00  -1.5953493e-02
   2.0908979e-01   2.7105054e-20   2.3875078e-02
   2.9067210e-01   0.0000000e+00   1.7731997e-02
   2.5602415e-01   1.0842022e-19  -2.8584889e-02
   1.9781417e-01   6.7762636e-21  -1.0876591e-02
   2.1433384e-01   0.0000000e+00   2.7564085e-02
   2.9943055e-01   0.0000000e+00   1.2327726e-02
   2.4432016e-01   0.0000000e+00  -2.9618213e-02
   1.9744071e-01  -2.7105054e-20  -5.2957761e-03
   2.2373631e-01   0.0000000e+00   2.9288530e-02
   3.0509654e-01   0.0000000e+00   2.2451785e-03
   2.2869027e-01   0.0000000e+00  -2.9506083e-02
   1.9772233e-01   1.0842022e-19   2.8043892e-03
   2.3966177e-01   1.0842022e-19   2.9630930e-02
   3.0157656e-01   1.0842022e-19  -9.8293677e-03
   2.1658014e-01   0.0000000e+00  -2.8216708e-02
   1.9750800e-01   1.6940659e-21   9.3754932e-03
   2.5262911e-01   0.0000000e+00   2.9040840e-02
   2.9372446e-01   1.0842022e-19  -1.6248026e-02
   2.1059008e-01   0.0000000e+00  -2.5223522e-02
   1.9999189e-01   1.0842022e-19   1.4328008e-02
   2.6554348e-01   0.0000000e+00   2.6365952e-02
   2.8008440e-01   2.7105054e-20  -2.1671402e-02
   2.0496617e-01   0.0000000e+00  -1.9365582e-02
   2.0616145e-01   0.0000000e+00   2.0585858e-02
   2.8321482e-01  -2.7105054e-20   2.0537415e-02
   2.6269362e-01   0.0000000e+00  -2.7094466e-02
   1.9925765e-01   0.0000000e+00  -1.3319160e-02
   2.1160814e-01   0.0000000e+00   2.5975955e-02
   2.9550060e-01  -1.0842022e-19   1.5208595e-02
   2.5031264e-01   5.4210109e-20  -2.9253568e-02
   1.9743612e-01   0.0000000e+00  -8.2678068e-03
   2.1842356e-01   0.0000000e+00   2.8586037e-02
   3.0290685e-01  -1.3552527e-20   7.7837755e-03
   2.3626968e-01   0.0000000e+00  -2.9590628e-02
   1.9788120e-01  -1.0842022e-19  -1.0046549e-03
   2.3232809e-01   0.0000000e+00   2.9553973e-02
   3.0425267e-01   0.0000000e+00  -5.0900957e-03
   2.2093096e-01   1.0842022e-19  -2.8991739e-02
   1.9738396e-01   0.0000000e+00   6.8155876e-03
   2.4731609e-01   0.0000000e+00   2.9484103e-02
   2.9763263e-01   0.0000000e+00  -1.3805269e-02
   2.1295733e-01   5.4210109e-20  -2.6874649e-02
   1.9839283e-01   0.0000000e+00   1.2028975e-02
   2.5906318e-01  -5.4210109e-20   2.7965003e-02
   2.8735183e-01   1.0842022e-19  -1.9034504e-02
   2.0773419e-01   0.0000000e+00  -2.2362223e-02
   2.0305990e-01  -1.0842022e-19   1.7571538e-02
   2.7504075e-01   0.0000000e+00   2.3458502e-02
   2.7033569e-01   6.7762636e-21  -2.4996998e-02
   2.0141706e-01   0.0000000e+00  -1.5980232e-02
   2.0906703e-01   0.0000000e+00   2.3851299e-02
   2.9061987e-01   5.4210109e-20   1.7754333e-02
   2.5607574e-01   0.0000000e+00  -2.8575971e-02
   1.9782150e-01   0.0000000e+00  -1.0897578e-02
   2.1430588e-01   5.4210109e-20   2.7553100e-02
   2.9939808e-01   0.0000000e+00   1.2358355e-02
   2.4438048e-01  -5.4210109e-20  -2.9616853e-02
   1.9743824e-01   1.3552527e-20  -5.3275019e-03
   2.2367497e-01   0.0000000e+00   2.9283956e-02
   3.0508668e-01   0.0000000e+00   2.3049031e-03
   2.2876172e-01  -1.0842022e-19  -2.9507695e-02
   1.9772605e-01   1.0842022e-19   2.7688889e-03
   2.3959533e-01   0.0000000e+00   2.9630373e-02
   3.0160400e-01   0.0000000e+00  -9.7914316e-03
   2.1661377e-01   1.0842022e-19  -2.8224509e-02
   1.9750542e-01   0.0000000e+00   9.3544327e-03
   2.5258416e-01   0.0000000e+00   2.9045563e-02
   2.9376053e-01  -5.4210109e-20  -1.6228082e-02
   2.1060994e-01   5.4210109e-20  -2.5239183e-02
   1.9997601e-01   0.0000000e+00   1.4307810e-02
   2.6548635e-01   3.3881318e-21   2.6381250e-02
   2.8014663e-01   0.0000000e+00  -2.1648905e-02
   2.0498966e-01   1.0842022e-19  -1.9389035e-02
   2.0613964e-01   1.0842022e-19   2.0562492e-02
   2.8315724e-01   0.0000000e+00   2.0558338e-02
   2.6274523e-01  -1.0842022e-19  -2.7081718e-02
   1.9927025e-01   0.0000000e+00  -1.3337570e-02
   2.1158928e-01   5.4210109e-20   2.5962699e-02
   2.9546820e-01   1.0842022e-19   1.5228264e-02
   2.5035608e-01   0.0000000e+00  -2.9250038e-02
   1.9743666e-01   1.0842022e-19  -8.2887478e-03
   2.1838753e-01   0.0000000e+00   2.8579714e-02
   3.0288351e-01   0.0000000e+00   7.8230141e-03
   2.3633159e-01  -1.3552527e-20  -2.9591443e-02
   1.9787919e-01   0.0000000e+00  -1.0369515e-03
   2.3226321e-01   5.4210109e-20   2.9553525e-02
   3.0427170e-01  -1.0842022e-19  -5.0424624e-03
   2.2097655e-01   0.0000000e+00  -2.8998087e-02
   1.9738354e-01   5.4210109e-20   6.7898189e-03
   2.4726371e-01   2.1684043e-19   2.9487609e-02
   2.9766754e-01   5.4210109e-20  -1.3779961e-02
   2.1298160e-01  -2.7105054e-20  -2.6889310e-02
   1.9837944e-01   0.0000000e+00   1.2006745e-02
   2.5900190e-01   0.0000000e+00   2.7979040e-02
   2.8742276e-01   0.0000000e+00  -1.9008408e-02
   2.0776160e-01   0.0000000e+00  -2.2393926e-02
   2.0302478e-01   0.0000000e+00   1.7538882e-02
   2.7494585e-01   1.0842022e-19   2.3491240e-02
   2.7042828e-01   1.0842022e-19  -2.4968333e-02
   2.0144727e-01  -1.0842022e-19  -1.6011731e-02
   2.0904000e-01   0.0000000e+00   2.3823238e-02
   2.9055842e-01   0.0000000e+00   1.7780600e-02
   2.5613674e-01   1.0842022e-19  -2.8565401e-02
   1.9783021e-01   0.0000000e+00  -1.0922217e-02
   2.1427349e-01   2.7105054e-20   2.7540109e-02
   2.9936132e-01   0.0000000e+00   1.2394097e-02
   2.4445139e-01   2.7105054e-20  -2.9615194e-02
   1.9743507e-01  -1.0842022e-19  -5.3645732e-03
   2.2360393e-01  -5.4210109e-20   2.9278507e-02
   3.0507265e-01   0.0000000e+00   2.3747156e-03
   2.2884596e-01   0.0000000e+00  -2.9509519e-02
   1.9773048e-01   1.0842022e-19   2.7272809e-03
   2.3951771e-01   0.0000000e+00   2.9629692e-02
   3.0163661e-01   1.0842022e-19  -9.7468356e-03
   2.1665365e-01  -5.4210109e-20  -2.8233591e-02
   1.9750268e-01  -1.0842022e-19   9.3296897e-03
   2.5253159e-01   0.0000000e+00   2.9051082e-02
   2.9380406e-01  -2.1684043e-19  -1.6204633e-02
   2.1063350e-01  -1.3552527e-20  -2.5257508e-02
   1.9995769e-01   5.4210109e-20   1.4284094e-02
   2.6541820e-01  -1.0842022e-19   2.6399207e-02
   2.8021995e-01   0.0000000e+00  -2.1622498e-02
   2.0501739e-01   0.0000000e+00  -1.9416598e-02
   2.0611342e-01   0.0000000e+00   2.0535056e-02
   2.8308920e-01  -5.4210109e-20   2.0583015e-02
   2.6280601e-01   5.4210109e-20  -2.7066673e-02
   1.9928540e-01  -5.4210109e-20  -1.3359290e-02
   2.1156714e-01   0.0000000e+00   2.5947018e-02
   2.9543129e-01   0.0000000e+00   1.5251457e-02
   2.5040685e-01   1.0842022e-19  -2.9245882e-02
   1.9743763e-01   0.0000000e+00  -8.3134949e-03
   2.1834513e-01   0.0000000e+00   2.8572196e-02
   3.0285698e-01   0.0000000e+00   7.8694146e-03
   2.3640465e-01   0.0000000e+00  -2.9592441e-02
   1.9787688e-01   0.0000000e+00  -1.0752812e-03
   2.3218645e-01   0.0000000e+00   2.9552976e-02
   3.0429538e-01   1.3552527e-20  -4.9857488e-03
   2.2103131e-01   0.0000000e+00  -2.9005568e-02
   1.9738321e-01   0.0000000e+00   6.7591362e-03
   2.4720076e-01  -1.0842022e-19   2.9491773e-02
   2.9771047e-01   1.0842022e-19  -1.3749794e-02
   2.1301070e-01   0.0000000e+00  -2.6906650e-02
   1.9836301e-01   0.0000000e+00   1.1980403e-02
   2.5892833e-01   1.0842022e-19   2.7995663e-02
   2.8750603e-01   0.0000000e+00  -1.8977475e-02
   2.0779405e-01  -2.7105054e-20  -2.2431556e-02
   2.0298317e-01   0.0000000e+00   1.7500070e-02
   2.7483176e-01  -5.4210109e-20   2.3530168e-02
   2.7053954e-01   0.0000000e+00  -2.4934046e-02
   2.0148354e-01   1.0842022e-19  -1.6049217e-02
   2.0900749e-01   0.0000000e+00   2.3789791e-02
   2.9048456e-01   5.4210109e-20   1.7811797e-02
   2.5620845e-01   0.0000000e+00  -2.8552754e-02
   1.9784097e-01   5.4210109e-20  -1.0951347e-02
   2.1423511e-01  -1.0842022e-19   2.7524669e-02
   2.9931607e-01   5.4210109e-20   1.2436170e-02
   2.4453493e-01   0.0000000e+00  -2.9613159e-02
   1.9743120e-01   1.0842022e-19  -5.4082084e-03
   2.2352082e-01   3.3881318e-21   2.9271954e-02
   3.0505719e-01   0.0000000e+00   2.4569067e-03
   2.2894574e-01  -1.0842022e-19  -2.9511605e-02
   1.9773570e-01   0.0000000e+00   2.6781376e-03
   2.3942621e-01   0.0000000e+00   2.9628866e-02
   3.0167442e-01   0.0000000e+00  -9.6940189e-03
   2.1670129e-01  -1.3552527e-20  -2.8244244e-02
   1.9749971e-01   0.0000000e+00   9.3004015e-03
   2.5246869e-01   0.0000000e+00   2.9057595e-02
   2.9385361e-01   0.0000000e+00  -1.6176941e-02
   2.1066092e-01  -1.0842022e-19  -2.5279164e-02
   1.9993635e-01   2.7105054e-20   1.4256069e-02
   2.6533871e-01   0.0000000e+00   2.6420343e-02
   2.8030651e-01   1.0842022e-19  -2.1591274e-02
   2.0505034e-01   0.0000000e+00  -1.9449241e-02
   2.0608249e-01   1.0842022e-19   2.0502536e-02
   2.8300885e-01  -1.0842022e-19   2.0612313e-02
   2.6287889e-01   0.0000000e+00  -2.7048757e-02
   1.9930357e-01  -1.3552527e-20  -1.3385099e-02
   2.1154024e-01   0.0000000e+00   2.5928415e-02
   2.9538653e-01   0.0000000e+00   1.5279047e-02
   2.5046737e-01   0.0000000e+00  -2.9240928e-02
   1.9743890e-01   0.0000000e+00  -8.3429294e-03
   2.1829519e-01  -2.7105054e-20   2.8563188e-02
   3.0282417e-01   0.0000000e+00   7.9246485e-03
   2.3649162e-01   1.0842022e-19  -2.9593656e-02
   1.9787400e-01  -5.4210109e-20  -1.1210636e-03
   2.3209396e-01  -1.0842022e-19   2.9552359e-02
   3.0432201e-01   0.0000000e+00  -4.9177552e-03
   2.2109591e-01  -1.0842022e-19  -2.9014555e-02
   1.9738300e-01   1.3552527e-20   6.7223623e-03
   2.4712587e-01   0.0000000e+00   2.9496673e-02
   2.9775966e-01  -5.4210109e-20  -1.3713673e-02
   2.1304462e-01   1.0842022e-19  -2.6927371e-02
   1.9834341e-01   0.0000000e+00   1.1948969e-02
   2.5884157e-01  -1.3552527e-20   2.8015371e-02
   2.8760592e-01   0.0000000e+00  -1.8940541e-02
   2.0783270e-01   0.0000000e+00  -2.2476431e-02
   2.0293351e-01   0.0000000e+00   1.7453730e-02
   2.7469607e-01   0.0000000e+00   2.3576581e-02
   2.7067186e-01   0.0000000e+00  -2.4892894e-02
   2.0152722e-01   5.4210109e-20  -1.6094058e-02
   2.0896898e-01  -1.0842022e-19   2.3749616e-02
   2.9039657e-01   1.0842022e-19   1.7849002e-02
   2.5629472e-01  -2.7105054e-20  -2.8537480e-02
   1.9785419e-01   5.4210109e-20  -1.0985952e-02
   2.1418933e-01   0.0000000e+00   2.7506203e-02
   2.9926369e-01   0.0000000e+00   1.2485777e-02
   2.4463297e-01  -1.0842022e-19  -2.9610654e-02
   1.9742693e-01   0.0000000e+00  -5.4596700e-03
   2.2342197e-01   0.0000000e+00   2.9264156e-02
   3.0503797e-01   1.3552527e-20   2.5538758e-03
   2.2906294e-01   1.0842022e-19  -2.9514061e-02
   1.9774190e-01   0.0000000e+00   2.6199392e-03
   2.3931692e-01   0.0000000e+00   2.9627905e-02
   3.0171938e-01   1.0842022e-19  -9.6312371e-03
   2.1675747e-01  -1.0842022e-19  -2.8256870e-02
   1.9749638e-01   0.0000000e+00   9.2656444e-03
   2.5239475e-01   0.0000000e+00   2.9065230e-02
   2.9391385e-01   0.0000000e+00  -1.6144061e-02
   2.1069315e-01   0.0000000e+00  -2.5304749e-02
   1.9991120e-01   0.0000000e+00   1.4222905e-02
   2.6524397e-01   0.0000000e+00   2.6445321e-02
   2.8040926e-01   0.0000000e+00  -2.1554298e-02
