   2.2381128e-01   0.0000000e+00   2.9295406e-02
   3.0511150e-01   0.0000000e+00   2.1718449e-03
   2.2860235e-01   0.0000000e+00  -2.9505208e-02
   1.9771569e-01   0.0000000e+00   2.8466504e-03
   2.3973827e-01   0.0000000e+00   2.9632818e-02
   3.0154749e-01   0.0000000e+00  -9.8728062e-03
   2.1654129e-01   0.0000000e+00  -2.8210133e-02
   1.9750637e-01   0.0000000e+00   9.3973953e-03
   2.5267163e-01  -2.7105054e-20   2.9038296e-02
   2.9369573e-01   0.0000000e+00  -1.6266436e-02
   2.1057293e-01   8.4703295e-22  -2.5212995e-02
   2.0000013e-01  -5.4210109e-20   1.4343274e-02
   2.6558294e-01   0.0000000e+00   2.6357120e-02
   2.8004622e-01  -1.0842022e-19  -2.1686710e-02
   2.0494922e-01   0.0000000e+00  -1.9352583e-02
   2.0617134e-01   0.0000000e+00   2.0600114e-02
   2.8324678e-01   0.0000000e+00   2.0527578e-02
   2.6266933e-01  -1.0842022e-19  -2.7102187e-02
   1.9924931e-01   0.0000000e+00  -1.3312287e-02
   2.1161260e-01   0.0000000e+00   2.5982370e-02
   2.9551068e-01   0.0000000e+00   1.5205280e-02
   2.5030654e-01   0.0000000e+00  -2.9256078e-02
   1.9743262e-01   5.4210109e-20  -8.2668305e-03
   2.1842135e-01   0.0000000e+00   2.8587903e-02
   3.0290786e-01   0.0000000e+00   7.7861223e-03
   2.3627411e-01   0.0000000e+00  -2.9591986e-02
   1.9787906e-01   0.0000000e+00  -1.0081250e-03
   2.3231893e-01   0.0000000e+00   2.9555122e-02
   3.0425754e-01   0.0000000e+00  -5.0829265e-03
   2.2093850e-01   0.0000000e+00  -2.8994396e-02
   1.9738165e-01   0.0000000e+00   6.8098768e-03
   2.4730089e-01   0.0000000e+00   2.9486744e-02
   2.9764726e-01   0.0000000e+00  -1.3797636e-02
   2.1296573e-01  -3.3881318e-21  -2.6882421e-02
   1.9838380e-01   0.0000000e+00   1.2019093e-02
   2.5903179e-01   0.0000000e+00   2.7973657e-02
   2.8739299e-01   0.0000000e+00  -1.9020977e-02
   2.0774896e-01   0.0000000e+00  -2.2381354e-02
   2.0303760e-01   2.7105054e-20   1.7552632e-02
   2.7498343e-01  -1.0842022e-19   2.3479290e-02
   2.7039386e-01   0.0000000e+00  -2.4979962e-02
   2.0143462e-01   0.0000000e+00  -1.6001020e-02
   2.0904704e-01   0.0000000e+00   2.3833732e-02
   2.9057877e-01   0.0000000e+00   1.7773567e-02
   2.5612080e-01   0.0000000e+00  -2.8569617e-02
   1.9782554e-01   0.0000000e+00  -1.0917374e-02
   2.1427732e-01  -1.0842022e-19   2.7543854e-02
   2.9936779e-01   0.0000000e+00   1.2390529e-02
   2.4444507e-01   0.0000000e+00  -2.9616540e-02
   1.9743303e-01  -1.0842022e-19  -5.3624131e-03
   2.2360631e-01   0.0000000e+00   2.9279743e-02
   3.0507488e-01   0.0000000e+00   2.3728632e-03
   2.2884421e-01  -1.3552527e-20  -2.9510401e-02
   1.9772875e-01   0.0000000e+00   2.7273408e-03
   2.3951596e-01   0.0000000e+00   2.9630725e-02
   3.0163974e-01   0.0000000e+00  -9.7455096e-03
   2.1665539e-01   0.0000000e+00  -2.8235803e-02
   1.9749959e-01   0.0000000e+00   9.3269889e-03
   2.5252175e-01  -1.0842022e-19   2.9053738e-02
   2.9381634e-01   1.0842022e-19  -1.6200110e-02
   2.1063848e-01  -1.0842022e-19  -2.5264511e-02
   1.9994911e-01  -5.4210109e-20   1.4276552e-02
   2.6539303e-01   0.0000000e+00   2.6407262e-02
   2.8025135e-01   0.0000000e+00  -2.1612651e-02
   2.0502766e-01   0.0000000e+00  -1.9429314e-02
   2.0609968e-01   0.0000000e+00   2.0523411e-02
   2.8305808e-01   0.0000000e+00   2.0595936e-02
   2.6283838e-01  -2.7105054e-20  -2.7060236e-02
   1.9929134e-01   2.7105054e-20  -1.3372191e-02
   2.1155096e-01   0.0000000e+00   2.5939019e-02
   2.9540840e-01   0.0000000e+00   1.5268610e-02
   2.5044514e-01   0.0000000e+00  -2.9244431e-02
   1.9743569e-01   0.0000000e+00  -8.3339598e-03
   2.1830754e-01   0.0000000e+00   2.8567209e-02
   3.0283472e-01   1.0842022e-19   7.9113439e-03
   2.3647095e-01  -1.0842022e-19  -2.9594470e-02
   1.9787275e-01  -5.4210109e-20  -1.1113191e-03
   2.3211160e-01   1.0842022e-19   2.9553505e-02
   3.0431909e-01   0.0000000e+00  -4.9305236e-03
   2.2108411e-01   0.0000000e+00  -2.9014295e-02
   1.9738066e-01   0.0000000e+00   6.7277742e-03
   2.4713390e-01   5.4210109e-20   2.9497497e-02
   2.9775834e-01   0.0000000e+00  -1.3717285e-02
   2.1304178e-01  -2.1684043e-19  -2.6928109e-02
   1.9834125e-01   0.0000000e+00   1.1949476e-02
   2.5883931e-01   0.0000000e+00   2.8017064e-02
   2.8761173e-01  -2.7105054e-20  -1.8939537e-02
   2.0783367e-01   0.0000000e+00  -2.2479997e-02
   2.0292848e-01   0.0000000e+00   1.7450813e-02
   2.7468550e-01  -1.0842022e-19   2.3581056e-02
   2.7068428e-01   0.0000000e+00  -2.4889860e-02
   2.0153026e-01   0.0000000e+00  -1.6099037e-02
   2.0896347e-01   1.0842022e-19   2.3745871e-02
   2.9038655e-01   0.0000000e+00   1.7854671e-02
   2.5630817e-01   0.0000000e+00  -2.8536287e-02
   1.9785437e-01   0.0000000e+00  -1.0992685e-02
   2.1417840e-01   0.0000000e+00   2.7503593e-02
   2.9925314e-01   0.0000000e+00   1.2498261e-02
   2.4465834e-01   1.0842022e-19  -2.9611015e-02
   1.9742449e-01  -1.0842022e-19  -5.4739254e-03
   2.2339312e-01   0.0000000e+00   2.9262748e-02
   3.0503359e-01   0.0000000e+00   2.5827008e-03
   2.2909834e-01   0.0000000e+00  -2.9515573e-02
   1.9774263e-01   0.0000000e+00   2.6016998e-03
   2.3928122e-01   0.0000000e+00   2.9628472e-02
   3.0173641e-01   0.0000000e+00  -9.6103281e-03
   2.1677684e-01   0.0000000e+00  -2.8262684e-02
   1.9749264e-01   0.0000000e+00   9.2524308e-03
   2.5236335e-01   0.0000000e+00   2.9069846e-02
   2.9394332e-01  -6.7762636e-21  -1.6129882e-02
   2.1070785e-01   0.0000000e+00  -2.5318645e-02
   1.9989553e-01   2.7105054e-20   1.4206164e-02
   2.6519297e-01   1.0842022e-19   2.6459942e-02
   2.8046780e-01  -2.7105054e-20  -2.1534339e-02
   2.0511064e-01   0.0000000e+00  -1.9511005e-02
   2.0602283e-01   0.0000000e+00   2.0441788e-02
   2.8285551e-01   0.0000000e+00   2.0669266e-02
   2.6301953e-01   0.0000000e+00  -2.7015110e-02
   1.9933661e-01   0.0000000e+00  -1.3436667e-02
   2.1148454e-01   1.0842022e-19   2.5892288e-02
   2.9529731e-01   0.0000000e+00   1.5336808e-02
   2.5059541e-01   0.0000000e+00  -2.9231831e-02
   1.9743885e-01   0.0000000e+00  -8.4064942e-03
   2.1818491e-01   3.3881318e-21   2.8544693e-02
   3.0275474e-01   1.0842022e-19   8.0468283e-03
   2.3668574e-01   5.4210109e-20  -2.9597258e-02
   1.9786564e-01   0.0000000e+00  -1.2240785e-03
   2.3188444e-01   1.0842022e-19   2.9551723e-02
   3.0438495e-01   0.0000000e+00  -4.7623404e-03
   2.2124522e-01   1.0842022e-19  -2.9035838e-02
   1.9737996e-01   0.0000000e+00   6.6371948e-03
   2.4695059e-01   0.0000000e+00   2.9508983e-02
   2.9787980e-01   0.0000000e+00  -1.3628570e-02
   2.1312567e-01  -1.0842022e-19  -2.6977653e-02
   1.9829558e-01  -1.0842022e-19   1.1873307e-02
   2.5862933e-01   0.0000000e+00   2.8063986e-02
   2.8784998e-01   0.0000000e+00  -1.8850558e-02
   2.0792648e-01   0.0000000e+00  -2.2587666e-02
   2.0280924e-01   0.0000000e+00   1.7339224e-02
   2.7435788e-01   0.0000000e+00   2.3692355e-02
   2.7100479e-01   0.0000000e+00  -2.4789617e-02
   2.0163687e-01   1.0842022e-19  -1.6207082e-02
   2.0887176e-01   0.0000000e+00   2.3648306e-02
   2.9017333e-01  -1.0842022e-19   1.7943467e-02
   2.5651339e-01   0.0000000e+00  -2.8498857e-02
   1.9788718e-01   0.0000000e+00  -1.1074414e-02
   2.1407281e-01   0.0000000e+00   2.7459022e-02
   2.9912804e-01   0.0000000e+00   1.2613126e-02
   2.4488697e-01   5.4210109e-20  -2.9604432e-02
   1.9741532e-01   0.0000000e+00  -5.5928883e-03
   2.2316682e-01  -1.0842022e-19   2.9243800e-02
   3.0498482e-01  -1.0842022e-19   2.8066844e-03
   2.2937210e-01  -5.4210109e-20  -2.9520770e-02
   1.9775688e-01   0.0000000e+00   2.4663492e-03
   2.3902778e-01  -1.0842022e-19   2.9625944e-02
   3.0183990e-01   0.0000000e+00  -9.4633787e-03
   2.1690807e-01   1.0842022e-19  -2.8291527e-02
   1.9748552e-01   0.0000000e+00   9.1716447e-03
   2.5219241e-01  -1.0842022e-19   2.9086981e-02
   2.9407867e-01  -5.4210109e-20  -1.6053856e-02
   2.1078289e-01   0.0000000e+00  -2.5376725e-02
   1.9983819e-01   5.4210109e-20   1.4130270e-02
   2.6497762e-01   0.0000000e+00   2.6516433e-02
   2.8070198e-01   0.0000000e+00  -2.1449673e-02
   2.0520041e-01   0.0000000e+00  -1.9599836e-02
   2.0593873e-01   0.0000000e+00   2.0353024e-02
   2.8263403e-01   5.4210109e-20   2.0749590e-02
   2.6321892e-01   0.0000000e+00  -2.6965431e-02
   1.9938623e-01   0.0000000e+00  -1.3507510e-02
   2.1141168e-01  -1.0842022e-19   2.5840788e-02
   2.9517438e-01   0.0000000e+00   1.5411670e-02
   2.5076053e-01   0.0000000e+00  -2.9217892e-02
   1.9744239e-01   5.4210109e-20  -8.4863230e-03
   2.1804932e-01   0.0000000e+00   2.8519780e-02
   3.0266513e-01   0.0000000e+00   8.1960031e-03
   2.3692419e-01   0.0000000e+00  -2.9600410e-02
   1.9785741e-01   0.0000000e+00  -1.3495178e-03
   2.3163162e-01   0.0000000e+00   2.9549640e-02
   3.0445636e-01   0.0000000e+00  -4.5732872e-03
   2.2142738e-01   0.0000000e+00  -2.9059406e-02
   1.9737973e-01   0.0000000e+00   6.5354700e-03
   2.4674467e-01   0.0000000e+00   2.9521396e-02
   2.9801405e-01   2.1684043e-19  -1.3528963e-02
   2.1321966e-01  -1.0842022e-19  -2.7032035e-02
   1.9824591e-01   0.0000000e+00   1.1788799e-02
   2.5839780e-01   0.0000000e+00   2.8115183e-02
   2.8811222e-01   0.0000000e+00  -1.8752090e-02
   2.0802966e-01   0.0000000e+00  -2.2706492e-02
   2.0267774e-01   0.0000000e+00   1.7215443e-02
   2.7399362e-01   5.4210109e-20   2.3815394e-02
   2.7136299e-01   0.0000000e+00  -2.4676631e-02
   2.0175738e-01   0.0000000e+00  -1.6327641e-02
   2.0876928e-01  -5.4210109e-20   2.3538655e-02
   2.8993371e-01   0.0000000e+00   1.8041850e-02
   2.5674153e-01   0.0000000e+00  -2.8456202e-02
   1.9792525e-01   5.4210109e-20  -1.1164082e-02
   2.1395906e-01   0.0000000e+00   2.7409063e-02
   2.9899007e-01   0.0000000e+00   1.2736646e-02
   2.4513438e-01  -2.7105054e-20  -2.9596479e-02
   1.9740656e-01  -5.4210109e-20  -5.7207488e-03
   2.2292545e-01  -2.7105054e-20   2.9222390e-02
   3.0492749e-01   0.0000000e+00   3.0474575e-03
   2.2966992e-01   0.0000000e+00  -2.9525935e-02
   1.9777169e-01   0.0000000e+00   2.3193896e-03
   2.3875236e-01   0.0000000e+00   2.9623046e-02
   3.0195138e-01   0.0000000e+00  -9.3022704e-03
   2.1705246e-01   0.0000000e+00  -2.8322542e-02
   1.9747826e-01   0.0000000e+00   9.0834121e-03
   2.5200573e-01   0.0000000e+00   2.9105304e-02
   2.9422527e-01   0.0000000e+00  -1.5970888e-02
   2.1086466e-01  -1.0842022e-19  -2.5439387e-02
   1.9977637e-01   0.0000000e+00   1.4047947e-02
   2.6474422e-01   0.0000000e+00   2.6577333e-02
   2.8095657e-01   0.0000000e+00  -2.1357616e-02
   2.0529792e-01  -6.7762636e-21  -1.9697042e-02
   2.0584528e-01  -2.7105054e-20   2.0255989e-02
   2.8239024e-01   0.0000000e+00   2.0838079e-02
   2.6343940e-01   0.0000000e+00  -2.6910352e-02
   1.9944133e-01   0.0000000e+00  -1.3585779e-02
   2.1133135e-01   0.0000000e+00   2.5783660e-02
   2.9503861e-01   0.0000000e+00   1.5494110e-02
   2.5094267e-01   0.0000000e+00  -2.9202341e-02
   1.9744645e-01   5.4210109e-20  -8.5743989e-03
   2.1790037e-01   0.0000000e+00   2.8491967e-02
   3.0256452e-01   0.0000000e+00   8.3604917e-03
   2.3718953e-01   0.0000000e+00  -2.9603923e-02
   1.9784629e-01   5.4210109e-20  -1.4893628e-03
   2.3134972e-01   0.0000000e+00   2.9547121e-02
   3.0453375e-01   0.0000000e+00  -4.3602002e-03
   2.2163395e-01  -5.2939559e-23  -2.9085083e-02
   1.9738051e-01   0.0000000e+00   6.4209949e-03
   2.4651446e-01  -5.4210109e-20   2.9534598e-02
   2.9816189e-01  -8.4703295e-22  -1.3416984e-02
   2.1332517e-01   0.0000000e+00  -2.7091418e-02
   1.9819244e-01   0.0000000e+00   1.1695243e-02
   2.5814334e-01   0.0000000e+00   2.8170667e-02
   2.8839915e-01   5.4210109e-20  -1.8643528e-02
   2.0814286e-01   0.0000000e+00  -2.2836992e-02
   2.0253311e-01  -1.3552527e-20   1.7078858e-02
   2.7359110e-01   0.0000000e+00   2.3950544e-02
   2.7176050e-01   0.0000000e+00  -2.4549820e-02
   2.0189251e-01   0.0000000e+00  -1.6461631e-02
   2.0865656e-01   0.0000000e+00   2.3415756e-02
   2.8966517e-01  -1.0842022e-19   1.8150371e-02
   2.5699329e-01  -2.7105054e-20  -2.8407781e-02
   1.9796915e-01   1.0842022e-19  -1.1261946e-02
   2.1383726e-01   0.0000000e+00   2.7353285e-02
   2.9883874e-01  -1.0842022e-19   1.2868445e-02
   2.4539914e-01  -1.0842022e-19  -2.9586946e-02
   1.9739886e-01   0.0000000e+00  -5.8570047e-03
   2.2266998e-01   0.0000000e+00   2.9198379e-02
   3.0486243e-01   0.0000000e+00   3.3039093e-03
   2.2999037e-01   0.0000000e+00  -2.9530996e-02
   1.9778768e-01  -1.3552527e-20   2.1611410e-03
   2.3845560e-01   0.0000000e+00   2.9619749e-02
   3.0207041e-01   0.0000000e+00  -9.1269706e-03
   2.1721005e-01  -2.7105054e-20  -2.8355560e-02
   1.9747102e-01   0.0000000e+00   8.9878198e-03
   2.5180501e-01   0.0000000e+00   2.9124619e-02
   2.9438242e-01   1.0842022e-19  -1.5881114e-02
   2.1095297e-01   0.0000000e+00  -2.5506262e-02
   1.9971062e-01   0.0000000e+00   1.3959492e-02
   2.6449333e-01   2.7105054e-20   2.6642267e-02
   2.8123063e-01   5.4210109e-20  -2.1258507e-02
   2.0540213e-01   0.0000000e+00  -1.9802384e-02
   2.0574347e-01   0.0000000e+00   2.0150841e-02
   2.8212436e-01   0.0000000e+00   2.0934587e-02
   2.6367979e-01   0.0000000e+00  -2.6849812e-02
   1.9950194e-01  -1.3552527e-20  -1.3671329e-02
   2.1124396e-01  -1.0842022e-19   2.5720867e-02
   2.9488965e-01  -1.0842022e-19   1.5583756e-02
   2.5114197e-01   0.0000000e+00  -2.9185065e-02
   1.9745127e-01   0.0000000e+00  -8.6702635e-03
   2.1773907e-01   0.0000000e+00   2.8461211e-02
   3.0245298e-01  -1.0842022e-19   8.5392145e-03
   2.3748020e-01   0.0000000e+00  -2.9607748e-02
   1.9783443e-01   1.0842022e-19  -1.6430591e-03
   2.3103862e-01  -1.0842022e-19   2.9544132e-02
   3.0461639e-01   1.0587912e-22  -4.1232222e-03
   2.2186376e-01  -1.0842022e-19  -2.9112614e-02
   1.9738277e-01   0.0000000e+00   6.2939573e-03
   2.4626076e-01   0.0000000e+00   2.9548250e-02
   2.9832179e-01   0.0000000e+00  -1.3292961e-02
   2.1344160e-01   0.0000000e+00  -2.7154905e-02
   1.9813634e-01  -1.0842022e-19   1.1593563e-02
   2.5786879e-01   0.0000000e+00   2.8229397e-02
   2.8870630e-01   0.0000000e+00  -1.8526225e-02
   2.0826521e-01   0.0000000e+00  -2.2977051e-02
   2.0237741e-01   5.4210109e-20   1.6931345e-02
   2.7315405e-01   0.0000000e+00   2.4095722e-02
   2.7219340e-01   0.0000000e+00  -2.4410353e-02
   2.0204105e-01  -5.4210109e-20  -1.6607451e-02
   2.0853511e-01   0.0000000e+00   2.3280782e-02
   2.8937035e-01   0.0000000e+00   1.8267656e-02
   2.5726555e-01   0.0000000e+00  -2.8353837e-02
   1.9801883e-01   0.0000000e+00  -1.1366559e-02
   2.1370982e-01   0.0000000e+00   2.7292214e-02
   2.9867614e-01  -1.0842022e-19   1.3005940e-02
   2.4567657e-01   0.0000000e+00  -2.9575791e-02
   1.9739216e-01  -2.7105054e-20  -5.9988800e-03
   2.2240559e-01   0.0000000e+00   2.9172045e-02
   3.0478784e-01   0.0000000e+00   3.5705636e-03
   2.3032704e-01   1.0842022e-19  -2.9535785e-02
   1.9780304e-01   0.0000000e+00   1.9946873e-03
   2.3814291e-01  -2.7105054e-20   2.9616084e-02
   3.0219456e-01  -5.4210109e-20  -8.9404843e-03
   2.1737800e-01   0.0000000e+00  -2.8389882e-02
   1.9746420e-01   1.0842022e-19   8.8865933e-03
   2.5159241e-01   0.0000000e+00   2.9144519e-02
   2.9454657e-01  -1.0842022e-19  -1.5786207e-02
   2.1104616e-01   1.0842022e-19  -2.5575890e-02
   1.9964250e-01   0.0000000e+00   1.3866730e-02
   2.6423071e-01   0.0000000e+00   2.6709754e-02
   2.8151832e-01   0.0000000e+00  -2.1154386e-02
   2.0551187e-01   1.0842022e-19  -1.9913677e-02
   2.0563545e-01   0.0000000e+00   2.0039619e-02
   2.8184125e-01   0.0000000e+00   2.1037304e-02
   2.6393666e-01   5.4210109e-20  -2.6784760e-02
   1.9956722e-01  -2.7105054e-20  -1.3762554e-02
   2.1115120e-01   1.0842022e-19   2.5653469e-02
   2.9473025e-01   1.0842022e-19   1.5678699e-02
   2.5135267e-01   0.0000000e+00  -2.9166355e-02
   1.9745698e-01   0.0000000e+00  -8.7717731e-03
   2.1756940e-01   0.0000000e+00   2.8428060e-02
