   2.1051455e-01  -5.4210109e-20  -2.5166469e-02
   2.0004699e-01   1.0842022e-19   1.4402879e-02
   2.6575350e-01   0.0000000e+00   2.6311383e-02
   2.7986158e-01   0.0000000e+00  -2.1753148e-02
   2.0487911e-01   0.0000000e+00  -1.9283260e-02
   2.0623670e-01   0.0000000e+00   2.0669009e-02
   2.8341677e-01   0.0000000e+00   2.0465696e-02
   2.6251684e-01   0.0000000e+00  -2.7139536e-02
   1.9921202e-01   0.0000000e+00  -1.3257753e-02
   2.1166883e-01   0.0000000e+00   2.6021406e-02
   2.9560418e-01   0.0000000e+00   1.5146469e-02
   2.5017725e-01   1.0842022e-19  -2.9266320e-02
   1.9743081e-01   1.0842022e-19  -8.2039577e-03
   2.1852928e-01   2.7105054e-20   2.8606711e-02
   3.0297598e-01   0.0000000e+00   7.6677738e-03
   2.3608850e-01   1.0842022e-19  -2.9589377e-02
   1.9788458e-01   0.0000000e+00  -9.1104171e-04
   2.3251412e-01   0.0000000e+00   2.9556290e-02
   3.0419854e-01   0.0000000e+00  -5.2255936e-03
   2.2080223e-01   0.0000000e+00  -2.8974944e-02
   1.9738303e-01   0.0000000e+00   6.8873205e-03
   2.4745953e-01   0.0000000e+00   2.9475781e-02
   2.9753917e-01   0.0000000e+00  -1.3873963e-02
   2.1289241e-01   0.0000000e+00  -2.6837410e-02
   1.9842631e-01   0.0000000e+00   1.2086735e-02
   2.5922061e-01  -1.0842022e-19   2.7930299e-02
   2.8717582e-01   0.0000000e+00  -1.9100749e-02
   2.0766521e-01   0.0000000e+00  -2.2284019e-02
   2.0314521e-01   0.0000000e+00   1.7652651e-02
   2.7527544e-01   5.4210109e-20   2.3378671e-02
   2.7010941e-01   0.0000000e+00  -2.5067273e-02
   2.0134226e-01   0.0000000e+00  -1.5904500e-02
   2.0913110e-01  -1.0842022e-19   2.3919275e-02
   2.9076794e-01   0.0000000e+00   1.7692491e-02
   2.5593358e-01   0.0000000e+00  -2.8601660e-02
   1.9779906e-01  -1.0842022e-19  -1.0840888e-02
   2.1437931e-01   0.0000000e+00   2.7583672e-02
   2.9948456e-01   0.0000000e+00   1.2278205e-02
   2.4422283e-01   0.0000000e+00  -2.9621327e-02
   1.9744388e-01  -1.0842022e-19  -5.2457436e-03
   2.2383086e-01   0.0000000e+00   2.9296456e-02
   3.0511506e-01   0.0000000e+00   2.1529439e-03
   2.2857990e-01   0.0000000e+00  -2.9504375e-02
   1.9771474e-01   0.0000000e+00   2.8581702e-03
   2.3976036e-01   0.0000000e+00   2.9632660e-02
   3.0153846e-01  -8.4703295e-22  -9.8854898e-03
   2.1653013e-01   0.0000000e+00  -2.8206855e-02
   1.9750839e-01   0.0000000e+00   9.4050703e-03
   2.5268908e-01   0.0000000e+00   2.9035909e-02
   2.9368048e-01  -1.0842022e-19  -1.6274325e-02
   2.1056431e-01   0.0000000e+00  -2.5205714e-02
   2.0000792e-01   0.0000000e+00   1.4352250e-02
   2.6560934e-01  -1.0842022e-19   2.6349578e-02
   2.8001598e-01   0.0000000e+00  -2.1697138e-02
   2.0493850e-01   0.0000000e+00  -1.9340952e-02
   2.0618321e-01   1.0842022e-19   2.0611306e-02
   2.8327508e-01   0.0000000e+00   2.0516749e-02
   2.6264262e-01  -2.7105054e-20  -2.7108311e-02
   1.9924320e-01   0.0000000e+00  -1.3302305e-02
   2.1162324e-01   5.4210109e-20   2.5989204e-02
   2.9552891e-01   0.0000000e+00   1.5193495e-02
   2.5028014e-01   0.0000000e+00  -2.9257676e-02
   1.9743308e-01   0.0000000e+00  -8.2536099e-03
   2.1844538e-01   0.0000000e+00   2.8591448e-02
   3.0292242e-01   0.0000000e+00   7.7602072e-03
   2.3623302e-01   0.0000000e+00  -2.9591104e-02
   1.9788061e-01   5.4210109e-20  -9.8642630e-04
   2.3236286e-01  -1.0842022e-19   2.9555111e-02
   3.0424387e-01   0.0000000e+00  -5.1154217e-03
   2.2090704e-01  -1.0842022e-19  -2.8989611e-02
   1.9738225e-01   0.0000000e+00   6.8279617e-03
   2.4733886e-01   2.7105054e-20   2.9483755e-02
   2.9762090e-01  -1.0842022e-19  -1.3815926e-02
   2.1294761e-01   5.4210109e-20  -2.6870932e-02
   1.9839512e-01   2.7105054e-20   1.2036017e-02
   2.5907976e-01  -5.4210109e-20   2.7962290e-02
   2.8733609e-01   1.0842022e-19  -1.9041403e-02
   2.0772715e-01  -5.4210109e-20  -2.2355842e-02
   2.0306598e-01   1.0842022e-19   1.7578728e-02
   2.7506000e-01   0.0000000e+00   2.3452640e-02
   2.7031871e-01  -6.7762636e-21  -2.5002957e-02
   2.0141041e-01   0.0000000e+00  -1.5975191e-02
   2.0907032e-01   0.0000000e+00   2.3856423e-02
   2.9062943e-01   0.0000000e+00   1.7751498e-02
   2.5606955e-01   5.4210109e-20  -2.8578110e-02
   1.9781885e-01  -1.0842022e-19  -1.0896201e-02
   2.1430579e-01  -5.4210109e-20   2.7554702e-02
   2.9939988e-01  -5.4210109e-20   1.2358838e-02
   2.4438181e-01   5.4210109e-20  -2.9617691e-02
   1.9743680e-01   3.3881318e-21  -5.3291191e-03
   2.2367038e-01   0.0000000e+00   2.9284403e-02
   3.0508707e-01   0.0000000e+00   2.3095777e-03
   2.2876750e-01   0.0000000e+00  -2.9508506e-02
   1.9772522e-01  -1.0842022e-19   2.7653485e-03
   2.3958721e-01   0.0000000e+00   2.9631078e-02
   3.0160950e-01   0.0000000e+00  -9.7866289e-03
   2.1661827e-01   1.0842022e-19  -2.8226919e-02
   1.9750291e-01  -1.0842022e-19   9.3503372e-03
   2.5257271e-01   0.0000000e+00   2.9047971e-02
   2.9377370e-01   0.0000000e+00  -1.6222767e-02
   2.1061554e-01   0.0000000e+00  -2.5245871e-02
   1.9996804e-01   0.0000000e+00   1.4300290e-02
   2.6546201e-01   0.0000000e+00   2.6388661e-02
   2.8017532e-01   0.0000000e+00  -2.1639500e-02
   2.0499955e-01   0.0000000e+00  -1.9400614e-02
   2.0612759e-01  -1.0842022e-19   2.0551672e-02
   2.8312840e-01   0.0000000e+00   2.0569844e-02
   2.6277356e-01   0.0000000e+00  -2.7075785e-02
   1.9927564e-01   0.0000000e+00  -1.3348801e-02
   2.1157566e-01   0.0000000e+00   2.5955572e-02
   2.9544837e-01   0.0000000e+00   1.5242712e-02
   2.5038846e-01   0.0000000e+00  -2.9248637e-02
   1.9743535e-01   1.0842022e-19  -8.3057381e-03
   2.1835641e-01   0.0000000e+00   2.8575483e-02
   3.0286520e-01   0.0000000e+00   7.8574572e-03
   2.3638612e-01   0.0000000e+00  -2.9592997e-02
   1.9787614e-01   0.0000000e+00  -1.0663404e-03
   2.3220258e-01   0.0000000e+00   2.9553865e-02
   3.0429135e-01   5.4210109e-20  -4.9977331e-03
   2.2101961e-01   2.7105054e-20  -2.9005075e-02
   1.9738151e-01   0.0000000e+00   6.7645198e-03
   2.4720975e-01  -1.0842022e-19   2.9492177e-02
   2.9770691e-01   2.7105054e-20  -1.3753833e-02
   2.1300673e-01   0.0000000e+00  -2.6906458e-02
   1.9836211e-01   0.0000000e+00   1.1981985e-02
   2.5893026e-01   1.0842022e-19   2.7996142e-02
   2.8750692e-01   0.0000000e+00  -1.8978145e-02
   2.0779314e-01   0.0000000e+00  -2.2432448e-02
   2.0298139e-01   0.0000000e+00   1.7499721e-02
   2.7482919e-01   0.0000000e+00   2.3531666e-02
   2.7054336e-01  -2.7105054e-20  -2.4933431e-02
   2.0148426e-01  -1.0842022e-19  -1.6051112e-02
   2.0900510e-01   0.0000000e+00   2.3788592e-02
   2.9048048e-01   0.0000000e+00   1.7814547e-02
   2.5621523e-01   0.0000000e+00  -2.8552470e-02
   1.9784072e-01   1.0842022e-19  -1.0954964e-02
   2.1422861e-01   0.0000000e+00   2.7523478e-02
   2.9931031e-01   0.0000000e+00   1.2443505e-02
   2.4454965e-01   0.0000000e+00  -2.9613532e-02
   1.9742935e-01  -2.7105054e-20  -5.4167672e-03
   2.2350275e-01   0.0000000e+00   2.9271271e-02
   3.0505540e-01   0.0000000e+00   2.4744253e-03
   2.2896674e-01   0.0000000e+00  -2.9512657e-02
   1.9773629e-01   1.0842022e-19   2.6669850e-03
   2.3940367e-01   2.7105054e-20   2.9629344e-02
   3.0168508e-01   5.4210109e-20  -9.6811540e-03
   2.1671273e-01  -5.4210109e-20  -2.8248084e-02
   1.9749730e-01  -1.0842022e-19   9.2920565e-03
   2.5244875e-01   0.0000000e+00   2.9060691e-02
   2.9387312e-01  -1.0842022e-19  -1.6167827e-02
   2.1067000e-01   2.7105054e-20  -2.5288414e-02
   1.9992590e-01   0.0000000e+00   1.4245077e-02
   2.6530474e-01   0.0000000e+00   2.6430118e-02
   2.8034562e-01  -1.0842022e-19  -2.1578098e-02
   2.0506464e-01   1.0842022e-19  -1.9464502e-02
   2.0606758e-01   0.0000000e+00   2.0487851e-02
   2.8297124e-01   1.0842022e-19   2.0627004e-02
   2.6291527e-01  -1.3552527e-20  -2.7040668e-02
   1.9931081e-01   0.0000000e+00  -1.3399042e-02
   2.1152415e-01   2.7105054e-20   2.5919186e-02
   2.9536242e-01  -1.0842022e-19   1.5295937e-02
   2.5050503e-01   0.0000000e+00  -2.9238873e-02
   1.9743773e-01   0.0000000e+00  -8.3623112e-03
   2.1826023e-01   0.0000000e+00   2.8558050e-02
   3.0280315e-01   0.0000000e+00   7.9631598e-03
   2.3655303e-01   0.0000000e+00  -2.9595156e-02
   1.9787089e-01   0.0000000e+00  -1.1538922e-03
   2.3202696e-01   0.0000000e+00   2.9552491e-02
   3.0434308e-01   0.0000000e+00  -4.8677748e-03
   2.2114444e-01   0.0000000e+00  -2.9021900e-02
   1.9738082e-01   0.0000000e+00   6.6944591e-03
   2.4706717e-01   0.0000000e+00   2.9501286e-02
   2.9780117e-01   1.0842022e-19  -1.3685196e-02
   2.1307207e-01   0.0000000e+00  -2.6945237e-02
   1.9832629e-01   3.3881318e-21   1.1922637e-02
   2.5876660e-01  -2.7105054e-20   2.8032997e-02
   2.8769357e-01   0.0000000e+00  -1.8908720e-02
   2.0786568e-01   0.0000000e+00  -2.2516543e-02
   2.0288839e-01   0.0000000e+00   1.7412749e-02
   2.7457441e-01   0.0000000e+00   2.3618552e-02
   2.7079213e-01   0.0000000e+00  -2.4855985e-02
   2.0156655e-01   0.0000000e+00  -1.6135099e-02
   2.0893315e-01   0.0000000e+00   2.3713137e-02
   2.9031540e-01   0.0000000e+00   1.7883899e-02
   2.5637555e-01   0.0000000e+00  -2.8523701e-02
   1.9786565e-01   0.0000000e+00  -1.1019182e-02
   2.1414505e-01  -1.0842022e-19   2.7488866e-02
   2.9921245e-01   1.0842022e-19   1.2534790e-02
   2.4473096e-01   0.0000000e+00  -2.9608650e-02
   1.9742176e-01   0.0000000e+00  -5.5113276e-03
   2.2332271e-01  -1.0842022e-19   2.9256598e-02
   3.0501850e-01   0.0000000e+00   2.6524424e-03
   2.2918354e-01   0.0000000e+00  -2.9516941e-02
   1.9774760e-01   0.0000000e+00   2.5599927e-03
   2.3920403e-01   3.3881318e-21   2.9627400e-02
   3.0176724e-01   0.0000000e+00  -9.5655921e-03
   2.1681666e-01   1.3552527e-20  -2.8270963e-02
   1.9749140e-01   0.0000000e+00   9.2283529e-03
   2.5231328e-01   0.0000000e+00   2.9074414e-02
   2.9398166e-01   6.7762636e-21  -1.6107781e-02
   2.1072954e-01  -1.3552527e-20  -2.5334603e-02
   1.9988017e-01   0.0000000e+00   1.4184923e-02
   2.6513367e-01   0.0000000e+00   2.6475115e-02
   2.8053126e-01  -1.3552527e-20  -2.1511060e-02
   2.0513571e-01  -1.0842022e-19  -1.9534617e-02
   2.0600105e-01  -1.3552527e-20   2.0417856e-02
   2.8279674e-01   0.0000000e+00   2.0690159e-02
   2.6307129e-01   0.0000000e+00  -2.7001793e-02
   1.9934974e-01  -5.4210109e-20  -1.3454671e-02
   2.1146715e-01   0.0000000e+00   2.5878834e-02
   2.9526642e-01   0.0000000e+00   1.5354869e-02
   2.5063489e-01   5.4210109e-20  -2.9228014e-02
   1.9744048e-01   0.0000000e+00  -8.4251120e-03
   2.1815391e-01   0.0000000e+00   2.8538556e-02
   3.0273374e-01   0.0000000e+00   8.0805945e-03
   2.3673948e-01   0.0000000e+00  -2.9597647e-02
   1.9786470e-01   1.0842022e-19  -1.2519754e-03
   2.3182892e-01  -1.0842022e-19   2.9550975e-02
   3.0440022e-01   0.0000000e+00  -4.7209661e-03
   2.2128494e-01   0.0000000e+00  -2.9040644e-02
   1.9738036e-01   0.0000000e+00   6.6153510e-03
   2.4690704e-01   0.0000000e+00   2.9511266e-02
   2.9790706e-01  -1.0842022e-19  -1.3607663e-02
   2.1314565e-01   0.0000000e+00  -2.6988334e-02
   1.9828657e-01   0.0000000e+00   1.1856195e-02
   2.5858340e-01  -5.4210109e-20   2.8073826e-02
   2.8790091e-01  -5.4210109e-20  -1.8831103e-02
   2.0794696e-01   0.0000000e+00  -2.2610467e-02
   2.0278454e-01   0.0000000e+00   1.7315262e-02
   2.7428808e-01  -1.0842022e-19   2.3715736e-02
   2.7107262e-01   0.0000000e+00  -2.4768046e-02
   2.0166024e-01   0.0000000e+00  -1.6229687e-02
   2.0885259e-01   0.0000000e+00   2.3627614e-02
   2.9012863e-01   0.0000000e+00   1.7961540e-02
   2.5655515e-01  -1.0842022e-19  -2.8490776e-02
   1.9789465e-01   0.0000000e+00  -1.1090524e-02
   2.1405300e-01   0.0000000e+00   2.7449809e-02
   2.9910348e-01   2.1684043e-19   1.2634642e-02
   2.4492978e-01   0.0000000e+00  -2.9602802e-02
   1.9741407e-01   0.0000000e+00  -5.6147704e-03
   2.2312592e-01  -1.0842022e-19   2.9239965e-02
   3.0497499e-01  -1.0842022e-19   2.8472810e-03
   2.2942205e-01  -1.0842022e-19  -2.9521422e-02
   1.9775965e-01  -5.4210109e-20   2.4419552e-03
   2.3898278e-01   0.0000000e+00   2.9625197e-02
   3.0185757e-01   0.0000000e+00  -9.4371103e-03
   2.1693173e-01  -1.0842022e-19  -2.8296105e-02
   1.9748519e-01   0.0000000e+00   9.1577324e-03
   2.5216415e-01   0.0000000e+00   2.9089360e-02
   2.9409969e-01   0.0000000e+00  -1.6041290e-02
   2.1079531e-01   0.0000000e+00  -2.5385350e-02
   1.9982997e-01   0.0000000e+00   1.4118557e-02
   2.6494546e-01   1.0842022e-19   2.6524509e-02
   2.8073610e-01   5.4210109e-20  -2.1436963e-02
   2.0521412e-01  -6.7762636e-21  -1.9612564e-02
   2.0592659e-01   0.0000000e+00   2.0340078e-02
   2.8260216e-01   0.0000000e+00   2.0760755e-02
   2.6324672e-01   1.0842022e-19  -2.6958116e-02
   1.9939341e-01   0.0000000e+00  -1.3517011e-02
   2.1140293e-01   0.0000000e+00   2.5833513e-02
   2.9515817e-01   0.0000000e+00   1.5420811e-02
   2.5078071e-01   1.0842022e-19  -2.9215749e-02
   1.9744353e-01   0.0000000e+00  -8.4955177e-03
   2.1803478e-01  -1.0842022e-19   2.8516542e-02
   3.0265489e-01   1.0842022e-19   8.2122546e-03
   2.3695014e-01   0.0000000e+00  -2.9600472e-02
   1.9785650e-01   2.7105054e-20  -1.3629315e-03
   2.3160505e-01   0.0000000e+00   2.9549153e-02
   3.0446325e-01  -1.0842022e-19  -4.5534089e-03
   2.2144636e-01  -5.4210109e-20  -2.9061493e-02
   1.9738037e-01   0.0000000e+00   6.5251591e-03
   2.4672481e-01  -1.0842022e-19   2.9522223e-02
   2.9802618e-01   0.0000000e+00  -1.3519306e-02
   2.1322890e-01   0.0000000e+00  -2.7036490e-02
   1.9824255e-01  -1.0842022e-19   1.1781316e-02
   2.5837842e-01  -1.0842022e-19   2.8119121e-02
   2.8813314e-01  -5.4210109e-20  -1.8743854e-02
   2.0803845e-01   6.7762636e-21  -2.2715769e-02
   2.0266805e-01   0.0000000e+00   1.7205497e-02
   2.7396497e-01   0.0000000e+00   2.3824816e-02
   2.7139061e-01   0.0000000e+00  -2.4667633e-02
   2.0176718e-01   0.0000000e+00  -1.6336760e-02
   2.0876190e-01   0.0000000e+00   2.3530136e-02
   2.8991528e-01   0.0000000e+00   1.8048870e-02
   2.5675789e-01   0.0000000e+00  -2.8452810e-02
   1.9792848e-01   0.0000000e+00  -1.1170056e-02
   2.1395210e-01   0.0000000e+00   2.7405418e-02
   2.9898069e-01   0.0000000e+00   1.2743996e-02
   2.4514882e-01  -5.4210109e-20  -2.9595694e-02
   1.9740666e-01   0.0000000e+00  -5.7279724e-03
   2.2291224e-01  -5.4210109e-20   2.9220931e-02
   3.0492387e-01   0.0000000e+00   3.0605028e-03
   2.2968591e-01   5.4210109e-20  -2.9525983e-02
   1.9777306e-01   0.0000000e+00   2.3116334e-03
   2.3873833e-01   0.0000000e+00   2.9622645e-02
   3.0195657e-01   0.0000000e+00  -9.2940621e-03
   2.1705974e-01  -1.0842022e-19  -2.8323645e-02
   1.9747873e-01   0.0000000e+00   9.0793810e-03
   2.5199819e-01   0.0000000e+00   2.9105647e-02
   2.9423006e-01  -1.0842022e-19  -1.5967578e-02
   2.1086803e-01  -1.6940659e-21  -2.5441002e-02
   1.9977511e-01   0.0000000e+00   1.4045396e-02
   2.6473767e-01   0.0000000e+00   2.6578648e-02
   2.8096251e-01   0.0000000e+00  -2.1355121e-02
   2.0530028e-01   2.7105054e-20  -1.9699117e-02
   2.0584356e-01  -5.4210109e-20   2.0253717e-02
   2.8238522e-01  -1.0842022e-19   2.0839587e-02
   2.6344299e-01   0.0000000e+00  -2.6909063e-02
   1.9944257e-01   0.0000000e+00  -1.3586786e-02
   2.1133122e-01   0.0000000e+00   2.5782601e-02
   2.9503721e-01  -1.0842022e-19   1.5494368e-02
   2.5094311e-01   0.0000000e+00  -2.9201905e-02
   1.9744711e-01   0.0000000e+00  -8.5741622e-03
   2.1790149e-01  -1.0842022e-19   2.8491732e-02
   3.0256519e-01  -1.6940659e-21   8.3592041e-03
   2.3718718e-01   2.7105054e-20  -2.9603643e-02
   1.9784686e-01   0.0000000e+00  -1.4879598e-03
   2.3135282e-01   2.7105054e-20   2.9546931e-02
   3.0453225e-01   0.0000000e+00  -4.3627578e-03
   2.2163115e-01   0.0000000e+00  -2.9084486e-02
   1.9738110e-01   0.0000000e+00   6.4226995e-03
   2.4651850e-01   0.0000000e+00   2.9534064e-02
   2.9815792e-01   0.0000000e+00  -1.3419063e-02
   2.1332325e-01   0.0000000e+00  -2.7089681e-02
