   2.0487952e-01  -1.6940659e-21  -1.9283095e-02
   2.0623694e-01   0.0000000e+00   2.0669064e-02
   2.8341690e-01   0.0000000e+00   2.0465456e-02
   2.6251658e-01   0.0000000e+00  -2.7139553e-02
   1.9921229e-01   0.0000000e+00  -1.3257383e-02
   2.1166963e-01  -1.0842022e-19   2.6021528e-02
   2.9560508e-01   0.0000000e+00   1.5145813e-02
   2.5017602e-01   0.0000000e+00  -2.9266292e-02
   1.9743138e-01   0.0000000e+00  -8.2030599e-03
   2.1853086e-01   0.0000000e+00   2.8606881e-02
   3.0297715e-01  -6.7762636e-21   7.6658214e-03
   2.3608552e-01  -1.0842022e-19  -2.9589236e-02
   1.9788482e-01   0.0000000e+00  -9.0934304e-04
   2.3251799e-01   0.0000000e+00   2.9556203e-02
   3.0419695e-01   0.0000000e+00  -5.2282262e-03
   2.2080006e-01   0.0000000e+00  -2.8974430e-02
   1.9738330e-01   0.0000000e+00   6.8888731e-03
   2.4746310e-01   0.0000000e+00   2.9475423e-02
   2.9753657e-01   0.0000000e+00  -1.3875631e-02
   2.1289095e-01   0.0000000e+00  -2.6836166e-02
   1.9842745e-01   0.0000000e+00   1.2088454e-02
   2.5922567e-01   0.0000000e+00   2.7929029e-02
   2.8716955e-01   0.0000000e+00  -1.9102901e-02
   2.0766280e-01  -5.4210109e-20  -2.2281223e-02
   2.0314844e-01  -1.0842022e-19   1.7655471e-02
   2.7528384e-01   0.0000000e+00   2.3375698e-02
   2.7010114e-01  -1.3552527e-20  -2.5069751e-02
   2.0133998e-01  -1.0842022e-19  -1.5901580e-02
   2.0913348e-01   0.0000000e+00   2.3921803e-02
   2.9077330e-01   0.0000000e+00   1.7689930e-02
   2.5592786e-01   0.0000000e+00  -2.8602557e-02
   1.9779853e-01   6.7762636e-21  -1.0838316e-02
   2.1438308e-01   0.0000000e+00   2.7584898e-02
   2.9948796e-01   0.0000000e+00   1.2274185e-02
   2.4421509e-01   1.0842022e-19  -2.9621393e-02
   1.9744439e-01   1.3552527e-20  -5.2414657e-03
   2.2383949e-01   0.0000000e+00   2.9296979e-02
   3.0511603e-01   2.7105054e-20   2.1447298e-03
   2.2857037e-01  -2.1684043e-19  -2.9504053e-02
   1.9771439e-01   1.0842022e-19   2.8630996e-03
   2.3976991e-01  -1.0842022e-19   2.9632654e-02
   3.0153363e-01   2.7105054e-20  -9.8908449e-03
   2.1652552e-01   0.0000000e+00  -2.8205594e-02
   1.9750925e-01   0.0000000e+00   9.4081709e-03
   2.5269615e-01  -1.0842022e-19   2.9035053e-02
   2.9367413e-01   0.0000000e+00  -1.6277435e-02
   2.1056122e-01  -1.0842022e-19  -2.5203021e-02
   2.0001096e-01  -1.0842022e-19   1.4355585e-02
   2.6561935e-01   0.0000000e+00   2.6346849e-02
   2.8000496e-01  -1.0842022e-19  -2.1700978e-02
   2.0493475e-01  -1.0842022e-19  -1.9336760e-02
   2.0618717e-01   0.0000000e+00   2.0615388e-02
   2.8328519e-01   0.0000000e+00   2.0512937e-02
   2.6263301e-01   0.0000000e+00  -2.7110532e-02
   1.9924111e-01   0.0000000e+00  -1.3298829e-02
   2.1162702e-01  -1.0842022e-19   2.5991599e-02
   2.9553433e-01  -2.7105054e-20   1.5189563e-02
   2.5027140e-01  -1.0842022e-19  -2.9258263e-02
   1.9743329e-01   0.0000000e+00  -8.2492443e-03
   2.1845276e-01  -2.7105054e-20   2.8592700e-02
   3.0292667e-01   5.4210109e-20   7.7517956e-03
   2.3621970e-01   0.0000000e+00  -2.9590849e-02
   1.9788121e-01   0.0000000e+00  -9.7942585e-04
   2.3237719e-01   0.0000000e+00   2.9555126e-02
   3.0423894e-01  -5.4210109e-20  -5.1258382e-03
   2.2089716e-01   0.0000000e+00  -2.8988093e-02
   1.9738251e-01   0.0000000e+00   6.8337076e-03
   2.4735062e-01   0.0000000e+00   2.9482861e-02
   2.9761260e-01   1.3552527e-20  -1.3821699e-02
   2.1294203e-01   0.0000000e+00  -2.6867360e-02
   1.9839840e-01   0.0000000e+00   1.2041300e-02
   2.5909463e-01   0.0000000e+00   2.7958799e-02
   2.8731899e-01   1.0842022e-19  -1.9047696e-02
   2.0772045e-01   5.4210109e-20  -2.2348008e-02
   2.0307481e-01  -1.0842022e-19   1.7586743e-02
   2.7508376e-01  -1.0842022e-19   2.3444470e-02
   2.7029527e-01   0.0000000e+00  -2.5010014e-02
   2.0140322e-01   1.0842022e-19  -1.5967286e-02
   2.0907687e-01   0.0000000e+00   2.3863405e-02
   2.9064471e-01   0.0000000e+00   1.7744800e-02
   2.5605396e-01   1.0842022e-19  -2.8580705e-02
   1.9781698e-01  -1.0842022e-19  -1.0889782e-02
   2.1431439e-01  -5.4210109e-20   2.7557992e-02
   2.9940966e-01   0.0000000e+00   1.2349299e-02
   2.4436294e-01   0.0000000e+00  -2.9618047e-02
   1.9743750e-01   2.7105054e-20  -5.3191380e-03
   2.2368987e-01   1.0842022e-19   2.9285786e-02
   3.0508968e-01   0.0000000e+00   2.2906253e-03
   2.2874478e-01   0.0000000e+00  -2.9507939e-02
   1.9772429e-01   1.0842022e-19   2.7766879e-03
   2.3960851e-01  -1.0842022e-19   2.9631191e-02
   3.0160014e-01   5.4210109e-20  -9.7988529e-03
   2.1660754e-01  -1.0842022e-19  -2.8224286e-02
   1.9750408e-01   1.0842022e-19   9.3572319e-03
   2.5258752e-01  -5.4210109e-20   2.9046305e-02
   2.9376112e-01   0.0000000e+00  -1.6229434e-02
   2.1060877e-01   0.0000000e+00  -2.5240442e-02
   1.9997375e-01   2.1684043e-19   1.4307218e-02
   2.6548190e-01  -2.7105054e-20   2.6383268e-02
   2.8015373e-01   0.0000000e+00  -2.1647300e-02
   2.0499162e-01   1.0842022e-19  -1.9392291e-02
   2.0613529e-01   0.0000000e+00   2.0559895e-02
   2.8314919e-01   1.0842022e-19   2.0562308e-02
   2.6275525e-01   0.0000000e+00  -2.7080267e-02
   1.9927125e-01  -1.0842022e-19  -1.3342080e-02
   2.1158257e-01   0.0000000e+00   2.5960342e-02
   2.9546007e-01   0.0000000e+00   1.5235339e-02
   2.5037194e-01   0.0000000e+00  -2.9249868e-02
   1.9743534e-01   0.0000000e+00  -8.2977279e-03
   2.1837047e-01  -1.0842022e-19   2.8577816e-02
   3.0287407e-01   0.0000000e+00   7.8422359e-03
   2.3636186e-01   0.0000000e+00  -2.9592616e-02
   1.9787712e-01   0.0000000e+00  -1.0536837e-03
   2.3222802e-01   0.0000000e+00   2.9553983e-02
   3.0428363e-01   0.0000000e+00  -5.0165683e-03
   2.2100137e-01  -5.4210109e-20  -2.9002507e-02
   1.9738178e-01  -1.0842022e-19   6.7747989e-03
   2.4723110e-01   0.0000000e+00   2.9490689e-02
   2.9769223e-01   5.4210109e-20  -1.3764047e-02
   2.1299686e-01   5.4210109e-20  -2.6900421e-02
   1.9836766e-01   0.0000000e+00   1.1991078e-02
   2.5895604e-01   0.0000000e+00   2.7990290e-02
   2.8747768e-01   0.0000000e+00  -1.8988898e-02
   2.0778189e-01   0.0000000e+00  -2.2419229e-02
   2.0299622e-01  -1.0842022e-19   1.7513299e-02
   2.7486943e-01   0.0000000e+00   2.3517931e-02
   2.7050397e-01   0.0000000e+00  -2.4945493e-02
   2.0147163e-01   1.0842022e-19  -1.6037829e-02
   2.0901628e-01   0.0000000e+00   2.3800435e-02
   2.9050684e-01   0.0000000e+00   1.7803416e-02
   2.5618992e-01   0.0000000e+00  -2.8556921e-02
   1.9783715e-01  -1.0842022e-19  -1.0944494e-02
   2.1424233e-01   0.0000000e+00   2.7529001e-02
   2.9932681e-01   0.0000000e+00   1.2428267e-02
   2.4451919e-01   0.0000000e+00  -2.9614230e-02
   1.9743061e-01   2.7105054e-20  -5.4008882e-03
   2.2353309e-01   0.0000000e+00   2.9273632e-02
   3.0506031e-01  -5.4210109e-20   2.4443717e-03
   2.2893022e-01   0.0000000e+00  -2.9511854e-02
   1.9773464e-01   0.0000000e+00   2.6850389e-03
   2.3943746e-01   0.0000000e+00   2.9629597e-02
   3.0167111e-01   1.0842022e-19  -9.7006662e-03
   2.1669518e-01   0.0000000e+00  -2.8244051e-02
   1.9749878e-01   0.0000000e+00   9.3029586e-03
   2.5247253e-01   1.6940659e-21   2.9058164e-02
   2.9385447e-01   0.0000000e+00  -1.6178247e-02
   2.1065946e-01   0.0000000e+00  -2.5280127e-02
   1.9993428e-01   0.0000000e+00   1.4255756e-02
   2.6533533e-01   0.0000000e+00   2.6421940e-02
   2.8031207e-01  -2.7105054e-20  -2.1590094e-02
   2.0505223e-01   0.0000000e+00  -1.9451792e-02
   2.0607936e-01   2.7105054e-20   2.0500470e-02
   2.8300213e-01   0.0000000e+00   2.0615529e-02
   2.6288655e-01   0.0000000e+00  -2.7047635e-02
   1.9930384e-01   0.0000000e+00  -1.3388832e-02
   2.1153459e-01   0.0000000e+00   2.5926519e-02
   2.9538033e-01  -1.3552527e-20   1.5284862e-02
   2.5048087e-01   0.0000000e+00  -2.9240780e-02
   1.9743754e-01   1.0842022e-19  -8.3503690e-03
   2.1828070e-01  -1.0842022e-19   2.8561639e-02
   3.0281712e-01   0.0000000e+00   7.9405805e-03
   2.3651751e-01   0.0000000e+00  -2.9594602e-02
   1.9787230e-01   0.0000000e+00  -1.1350399e-03
   2.3206470e-01   0.0000000e+00   2.9552726e-02
   3.0433235e-01  -1.0842022e-19  -4.8959679e-03
   2.2111715e-01   0.0000000e+00  -2.9018188e-02
   1.9738109e-01   0.0000000e+00   6.7097693e-03
   2.4709853e-01   1.0842022e-19   2.9499198e-02
   2.9778055e-01   0.0000000e+00  -1.3700319e-02
   2.1305740e-01   0.0000000e+00  -2.6936547e-02
   1.9833420e-01  -2.7105054e-20   1.1935890e-02
   2.5880309e-01  -5.4210109e-20   2.8024662e-02
   2.8765099e-01  -5.4210109e-20  -1.8924335e-02
   2.0784945e-01   0.0000000e+00  -2.2497473e-02
   2.0290975e-01   1.0842022e-19   1.7432417e-02
   2.7463274e-01   0.0000000e+00   2.3598764e-02
   2.7073522e-01   0.0000000e+00  -2.4873634e-02
   2.0154796e-01  -1.0842022e-19  -1.6115869e-02
   2.0894946e-01   0.0000000e+00   2.3730392e-02
   2.9035359e-01   0.0000000e+00   1.7867946e-02
   2.5633856e-01   0.0000000e+00  -2.8530282e-02
   1.9786014e-01   0.0000000e+00  -1.1004347e-02
   2.1416448e-01   1.3552527e-20   2.7496833e-02
   2.9923533e-01   0.0000000e+00   1.2513599e-02
   2.4468893e-01   0.0000000e+00  -2.9609739e-02
   1.9742346e-01   0.0000000e+00  -5.4892867e-03
   2.2336472e-01   2.7105054e-20   2.9260007e-02
   3.0502654e-01  -5.4210109e-20   2.6107791e-03
   2.2913262e-01  -1.3552527e-20  -2.9515895e-02
   1.9774494e-01   0.0000000e+00   2.5851750e-03
   2.3925095e-01  -2.7105054e-20   2.9627803e-02
   3.0174841e-01   0.0000000e+00  -9.5929492e-03
   2.1679180e-01   5.4210109e-20  -2.8265467e-02
   1.9749311e-01   0.0000000e+00   9.2435394e-03
   2.5234583e-01   0.0000000e+00   2.9071026e-02
   2.9395485e-01   0.0000000e+00  -1.6122245e-02
   2.1071496e-01   0.0000000e+00  -2.5323313e-02
   1.9989142e-01   1.0842022e-19   1.4199570e-02
   2.6517587e-01  -1.0842022e-19   2.6464006e-02
   2.8048507e-01   0.0000000e+00  -2.1527507e-02
   2.0511838e-01  -6.7762636e-21  -1.9517228e-02
   2.0601746e-01   0.0000000e+00   2.0435168e-02
   2.8283982e-01  -1.0842022e-19   2.0674382e-02
   2.6303226e-01   0.0000000e+00  -2.7011431e-02
   1.9934002e-01  -5.4210109e-20  -1.3440657e-02
   2.1148141e-01   0.0000000e+00   2.5888954e-02
   2.9529032e-01   0.0000000e+00   1.5339808e-02
   2.5060152e-01   0.0000000e+00  -2.9230695e-02
   1.9744000e-01   0.0000000e+00  -8.4088962e-03
   2.1818142e-01   0.0000000e+00   2.8543534e-02
   3.0275172e-01   0.0000000e+00   8.0500362e-03
   2.3669093e-01   0.0000000e+00  -2.9596911e-02
   1.9786665e-01   3.3881318e-21  -1.2262891e-03
   2.3188102e-01   0.0000000e+00   2.9551303e-02
   3.0438603e-01   0.0000000e+00  -4.7596428e-03
   2.2124798e-01   1.0842022e-19  -2.9035638e-02
   1.9738059e-01   1.0842022e-19   6.6362843e-03
   2.4694942e-01   5.4210109e-20   2.9508567e-02
   2.9787907e-01   0.0000000e+00  -1.3628289e-02
   2.1312586e-01   0.0000000e+00  -2.6976783e-02
   1.9829718e-01   0.0000000e+00   1.1873995e-02
   2.5863271e-01   0.0000000e+00   2.8062816e-02
   2.8784487e-01   0.0000000e+00  -1.8851979e-02
   2.0792522e-01   0.0000000e+00  -2.2585060e-02
   2.0281283e-01   1.0842022e-19   1.7341592e-02
   2.7436620e-01   0.0000000e+00   2.3689371e-02
   2.7099628e-01   0.0000000e+00  -2.4791957e-02
   2.0163495e-01  -1.0842022e-19  -1.6203915e-02
   2.0887445e-01   0.0000000e+00   2.3650916e-02
   2.9017911e-01  -5.4210109e-20   1.7940359e-02
   2.5650633e-01   0.0000000e+00  -2.8499748e-02
   1.9788682e-01   1.0842022e-19  -1.1071006e-02
   2.1407840e-01   0.0000000e+00   2.7460472e-02
   2.9913262e-01   0.0000000e+00   1.2607317e-02
   2.4487531e-01  -1.0842022e-19  -2.9604388e-02
   1.9741614e-01   0.0000000e+00  -5.5863636e-03
   2.2318005e-01   0.0000000e+00   2.9244540e-02
   3.0498701e-01   0.0000000e+00   2.7936294e-03
   2.2935623e-01   0.0000000e+00  -2.9520157e-02
   1.9775636e-01   5.4210109e-20   2.4746176e-03
   2.3904439e-01  -1.0842022e-19   2.9625743e-02
   3.0183309e-01   0.0000000e+00  -9.4728433e-03
   2.1689995e-01   0.0000000e+00  -2.8289014e-02
   1.9748720e-01   0.0000000e+00   9.1774574e-03
   2.5220587e-01   0.0000000e+00   2.9085103e-02
   2.9406613e-01  -1.0842022e-19  -1.6059985e-02
   2.1077660e-01   0.0000000e+00  -2.5370949e-02
   1.9984428e-01   0.0000000e+00   1.4137356e-02
   2.6499886e-01  -2.7105054e-20   2.6510408e-02
   2.8067746e-01   0.0000000e+00  -2.1458059e-02
   2.0519165e-01   0.0000000e+00  -1.9590209e-02
   2.0594799e-01   0.0000000e+00   2.0362357e-02
   2.8265837e-01   0.0000000e+00   2.0740359e-02
   2.6319625e-01   0.0000000e+00  -2.6970663e-02
   1.9938082e-01   0.0000000e+00  -1.3498915e-02
   2.1142172e-01  -1.3552527e-20   2.5846619e-02
   2.9518990e-01   0.0000000e+00   1.5401481e-02
   2.5073783e-01  -2.7105054e-20  -2.9219266e-02
   1.9744282e-01   0.0000000e+00  -8.4747347e-03
   2.1807016e-01   0.0000000e+00   2.8522976e-02
   3.0267756e-01   5.4210109e-20   8.1731974e-03
   2.3688746e-01   0.0000000e+00  -2.9599565e-02
   1.9785895e-01   0.0000000e+00  -1.3298324e-03
   2.3167196e-01   0.0000000e+00   2.9549651e-02
   3.0444547e-01   0.0000000e+00  -4.6036553e-03
   2.2139791e-01   0.0000000e+00  -2.9055219e-02
   1.9738047e-01   0.0000000e+00   6.5522768e-03
   2.4678001e-01  -8.4703295e-22   2.9518887e-02
   2.9798956e-01   0.0000000e+00  -1.3545976e-02
   2.1320400e-01   0.0000000e+00  -2.7021893e-02
   1.9825592e-01  -6.7762636e-21   1.1803966e-02
   2.5844077e-01   0.0000000e+00   2.8105378e-02
   2.8806284e-01  -1.0842022e-19  -1.8770294e-02
   2.0801084e-01   0.0000000e+00  -2.2683736e-02
   2.0270358e-01   0.0000000e+00   1.7238884e-02
   2.7406383e-01   0.0000000e+00   2.3791569e-02
   2.7129314e-01  -1.0842022e-19  -2.4698373e-02
   2.0173439e-01   0.0000000e+00  -1.6304001e-02
   2.0878959e-01   0.0000000e+00   2.3560001e-02
   2.8998014e-01  -5.4210109e-20   1.8022139e-02
   2.5669548e-01   0.0000000e+00  -2.8464477e-02
   1.9791817e-01  -1.0842022e-19  -1.1145677e-02
   2.1398309e-01   0.0000000e+00   2.7419042e-02
   2.9901764e-01   0.0000000e+00   1.2710549e-02
   2.4508158e-01  -5.4210109e-20  -2.9597882e-02
   1.9740893e-01   0.0000000e+00  -5.6932608e-03
   2.2297769e-01   0.0000000e+00   2.9226816e-02
   3.0494067e-01   0.0000000e+00   2.9950043e-03
   2.2960450e-01   0.0000000e+00  -2.9524573e-02
   1.9776907e-01   0.0000000e+00   2.3518464e-03
   2.3881403e-01   0.0000000e+00   2.9623385e-02
   3.0192620e-01   0.0000000e+00  -9.3384144e-03
   2.1702007e-01   1.0842022e-19  -2.8315048e-02
   1.9748098e-01   0.0000000e+00   9.1037354e-03
   2.5204999e-01   0.0000000e+00   2.9100511e-02
   2.9418976e-01  -1.0842022e-19  -1.5990580e-02
   2.1084516e-01   1.3552527e-20  -2.5423531e-02
   1.9979240e-01   0.0000000e+00   1.4068348e-02
   2.6480271e-01   0.0000000e+00   2.6561584e-02
   2.8089121e-01   0.0000000e+00  -2.1380883e-02
   2.0527297e-01   0.0000000e+00  -1.9671696e-02
   2.0586995e-01   0.0000000e+00   2.0281048e-02
   2.8245472e-01   0.0000000e+00   2.0814438e-02
   2.6338009e-01  -5.4210109e-20  -2.6924669e-02
   1.9942684e-01   0.0000000e+00  -1.3564471e-02
   2.1135451e-01   0.0000000e+00   2.5798832e-02
   2.9507647e-01   0.0000000e+00   1.5470675e-02
   2.5089074e-01   1.0842022e-19  -2.9206296e-02
   1.9744615e-01  -1.0842022e-19  -8.5487234e-03
   2.1794477e-01   0.0000000e+00   2.8499714e-02
   3.0259336e-01  -5.4210109e-20   8.3115212e-03
   2.3710994e-01   0.0000000e+00  -2.9602562e-02
   1.9785004e-01  -1.0842022e-19  -1.4471798e-03
   2.3143509e-01   0.0000000e+00   2.9547640e-02
   3.0451070e-01   0.0000000e+00  -4.4252394e-03
   2.2157034e-01   0.0000000e+00  -2.9076975e-02
   1.9738094e-01  -1.0842022e-19   6.4563301e-03
   2.4658624e-01  -1.0842022e-19   2.9530181e-02
   2.9811401e-01  -1.0842022e-19  -1.3452047e-02
   2.1329240e-01   0.0000000e+00  -2.7072192e-02
   1.9821039e-01   0.0000000e+00   1.1725095e-02
   2.5822521e-01   5.4210109e-20   2.8152502e-02
   2.8830588e-01   0.0000000e+00  -1.8678606e-02
   2.0810607e-01  -5.4210109e-20  -2.2794190e-02
