   2.5280044e-01   0.0000000e+00   2.9024654e-02
   2.9359155e-01   0.0000000e+00  -1.6323434e-02
   2.1051606e-01  -1.0842022e-19  -2.5168012e-02
   2.0004521e-01   2.7105054e-20   1.4401158e-02
   2.6574760e-01   0.0000000e+00   2.6313186e-02
   2.7986785e-01  -5.4210109e-20  -2.1750988e-02
   2.0488128e-01   0.0000000e+00  -1.9286037e-02
   2.0623341e-01   0.0000000e+00   2.0666497e-02
   2.8340955e-01  -5.4210109e-20   2.0468503e-02
   2.6252379e-01   0.0000000e+00  -2.7138162e-02
   1.9921371e-01   0.0000000e+00  -1.3260482e-02
   2.1166585e-01   1.0842022e-19   2.6019651e-02
   2.9559987e-01   0.0000000e+00   1.5150147e-02
   2.5018576e-01   1.3552527e-20  -2.9266004e-02
   1.9743051e-01   2.7105054e-20  -8.2083304e-03
   2.1852101e-01  -1.0842022e-19   2.8605674e-02
   3.0297126e-01   2.7105054e-20   7.6767360e-03
   2.3610291e-01   1.0842022e-19  -2.9589780e-02
   1.9788401e-01  -1.0842022e-19  -9.1863210e-04
   2.3249841e-01   0.0000000e+00   2.9556410e-02
   3.0420321e-01   0.0000000e+00  -5.2141351e-03
   2.2081332e-01   2.7105054e-20  -2.8976819e-02
   1.9738274e-01   0.0000000e+00   6.8807655e-03
   2.4744577e-01   0.0000000e+00   2.9477026e-02
   2.9755000e-01   0.0000000e+00  -1.3867155e-02
   2.1289948e-01  -1.0842022e-19  -2.6841995e-02
   1.9842149e-01  -1.0842022e-19   1.2080142e-02
   2.5920130e-01   2.7105054e-20   2.7934966e-02
   2.8719841e-01   0.0000000e+00  -1.9092651e-02
   2.0767358e-01   0.0000000e+00  -2.2294403e-02
   2.0313387e-01   0.0000000e+00   1.7642134e-02
   2.7524441e-01   0.0000000e+00   2.3389545e-02
   2.7013997e-01   0.0000000e+00  -2.5058103e-02
   2.0135216e-01   0.0000000e+00  -1.5915011e-02
   2.0912112e-01   0.0000000e+00   2.3910174e-02
   2.9074680e-01   0.0000000e+00   1.7701709e-02
   2.5595494e-01   0.0000000e+00  -2.8598292e-02
   1.9780139e-01   0.0000000e+00  -1.0849924e-02
   2.1436713e-01   1.0842022e-19   2.7579178e-02
   2.9947014e-01  -5.4210109e-20   1.2292126e-02
   2.4425058e-01   0.0000000e+00  -2.9620948e-02
   1.9744174e-01  -5.4210109e-20  -5.2604583e-03
   2.2380206e-01   0.0000000e+00   2.9294558e-02
   3.0511012e-01   2.7105054e-20   2.1809962e-03
   2.2861355e-01   0.0000000e+00  -2.9505321e-02
   1.9771693e-01   0.0000000e+00   2.8413613e-03
   2.3972900e-01  -6.7762636e-21   2.9632578e-02
   3.0155136e-01   0.0000000e+00  -9.8673675e-03
   2.1654625e-01   0.0000000e+00  -2.8210977e-02
   1.9750664e-01   0.0000000e+00   9.3946206e-03
   2.5266636e-01   1.0842022e-19   2.9038640e-02
   2.9369964e-01   0.0000000e+00  -1.6264078e-02
   2.1057479e-01   0.0000000e+00  -2.5214441e-02
   1.9999934e-01   0.0000000e+00   1.4341237e-02
   2.6557761e-01   0.0000000e+00   2.6358335e-02
   2.8005113e-01   0.0000000e+00  -2.1684680e-02
   2.0495149e-01   0.0000000e+00  -1.9354361e-02
   2.0616990e-01   5.4210109e-20   2.0598185e-02
   2.8324216e-01   1.0842022e-19   2.0528971e-02
   2.6267262e-01   0.0000000e+00  -2.7101152e-02
   1.9925071e-01   1.0842022e-19  -1.3313285e-02
   2.1161149e-01   0.0000000e+00   2.5981498e-02
   2.9550918e-01   0.0000000e+00   1.5205904e-02
   2.5030752e-01  -1.0842022e-19  -2.9255758e-02
   1.9743337e-01   0.0000000e+00  -8.2671893e-03
   2.1842117e-01  -5.4210109e-20   2.8587613e-02
   3.0290730e-01   0.0000000e+00   7.7863485e-03
   2.3627408e-01   0.0000000e+00  -2.9591856e-02
   1.9787962e-01   0.0000000e+00  -1.0081336e-03
   2.3231922e-01   1.0842022e-19   2.9554984e-02
   3.0425712e-01   0.0000000e+00  -5.0831489e-03
   2.2093824e-01  -1.0842022e-19  -2.8994168e-02
   1.9738189e-01   1.0842022e-19   6.8102062e-03
   2.4730184e-01  -1.0842022e-19   2.9486490e-02
   2.9764644e-01   0.0000000e+00  -1.3798187e-02
   2.1296478e-01   0.0000000e+00  -2.6881758e-02
   1.9838438e-01   0.0000000e+00   1.2019961e-02
   2.5903440e-01   0.0000000e+00   2.7972854e-02
   2.8738883e-01   0.0000000e+00  -1.9022199e-02
   2.0774736e-01   0.0000000e+00  -2.2379603e-02
   2.0304016e-01   0.0000000e+00   1.7554344e-02
   2.7498858e-01   0.0000000e+00   2.3477344e-02
   2.7038849e-01   2.7105054e-20  -2.4981548e-02
   2.0143324e-01   0.0000000e+00  -1.5999015e-02
   2.0904887e-01   5.4210109e-20   2.3835404e-02
   2.9058253e-01   0.0000000e+00   1.7771706e-02
   2.5611622e-01   0.0000000e+00  -2.8570220e-02
   1.9782536e-01   0.0000000e+00  -1.0915410e-02
   2.1427990e-01   1.0842022e-19   2.7544788e-02
   2.9937052e-01   0.0000000e+00   1.2387311e-02
   2.4443841e-01   1.0842022e-19  -2.9616562e-02
   1.9743336e-01   0.0000000e+00  -5.3589030e-03
   2.2361333e-01  -1.0842022e-19   2.9280149e-02
   3.0507649e-01   0.0000000e+00   2.3659814e-03
   2.2883581e-01   0.0000000e+00  -2.9510113e-02
   1.9772869e-01  -2.7105054e-20   2.7315635e-03
   2.3952397e-01  -1.0842022e-19   2.9630688e-02
   3.0163600e-01  -5.4210109e-20  -9.7502062e-03
   2.1665154e-01  -2.1684043e-19  -2.8234586e-02
   1.9750040e-01   0.0000000e+00   9.3298066e-03
   2.5252808e-01   0.0000000e+00   2.9052877e-02
   2.9381029e-01  -1.0842022e-19  -1.6203023e-02
   2.1063512e-01   1.0842022e-19  -2.5261889e-02
   1.9995240e-01   0.0000000e+00   1.4279786e-02
   2.6540299e-01   0.0000000e+00   2.6404508e-02
   2.8023993e-01   0.0000000e+00  -2.1616484e-02
   2.0502370e-01   5.4210109e-20  -1.9425040e-02
   2.0610380e-01   5.4210109e-20   2.0527560e-02
   2.8306851e-01  -1.0842022e-19   2.0591937e-02
   2.6282851e-01   0.0000000e+00  -2.7062510e-02
   1.9928919e-01   1.0842022e-19  -1.3368492e-02
   2.1155472e-01  -1.0842022e-19   2.5941583e-02
   2.9541447e-01  -1.0842022e-19   1.5264287e-02
   2.5043556e-01   5.4210109e-20  -2.9245026e-02
   1.9743618e-01   0.0000000e+00  -8.3290651e-03
   2.1831649e-01   1.3552527e-20   2.8568522e-02
   3.0283974e-01   0.0000000e+00   7.9018013e-03
   2.3645579e-01   5.4210109e-20  -2.9594140e-02
   1.9787378e-01   0.0000000e+00  -1.1032517e-03
   2.3212786e-01   1.0842022e-19   2.9553514e-02
   3.0431380e-01   0.0000000e+00  -4.9427098e-03
   2.2107218e-01  -1.0842022e-19  -2.9012561e-02
   1.9738111e-01   0.0000000e+00   6.7345241e-03
   2.4714814e-01   0.0000000e+00   2.9496421e-02
   2.9774847e-01   0.0000000e+00  -1.3724121e-02
   2.1303494e-01  -1.0842022e-19  -2.6923930e-02
   1.9834521e-01   1.0842022e-19   1.1955727e-02
   2.5885725e-01   1.0842022e-19   2.8012932e-02
   2.8759161e-01   0.0000000e+00  -1.8947026e-02
   2.0782631e-01   0.0000000e+00  -2.2470560e-02
   2.0293932e-01   0.0000000e+00   1.7460385e-02
   2.7471376e-01   0.0000000e+00   2.3571273e-02
   2.7065636e-01   0.0000000e+00  -2.4898469e-02
   2.0152128e-01   0.0000000e+00  -1.6089470e-02
   2.0897146e-01   0.0000000e+00   2.3754389e-02
   2.9040506e-01   0.0000000e+00   1.7846600e-02
   2.5628971e-01   0.0000000e+00  -2.8539479e-02
   1.9785196e-01   2.7105054e-20  -1.0984998e-02
   2.1418846e-01  -1.0842022e-19   2.7507613e-02
   2.9926444e-01   0.0000000e+00   1.2486999e-02
   2.4463575e-01   0.0000000e+00  -2.9611493e-02
   1.9742515e-01   0.0000000e+00  -5.4621015e-03
   2.2341569e-01   0.0000000e+00   2.9264496e-02
   3.0503834e-01  -1.0842022e-19   2.5601579e-03
   2.2907070e-01   0.0000000e+00  -2.9514939e-02
   1.9774109e-01   0.0000000e+00   2.6153742e-03
   2.3930672e-01  -1.0842022e-19   2.9628616e-02
   3.0172541e-01   0.0000000e+00  -9.6252534e-03
   2.1676296e-01   0.0000000e+00  -2.8259553e-02
   1.9749399e-01   0.0000000e+00   9.2608579e-03
   2.5238190e-01  -1.3552527e-20   2.9067795e-02
   2.9392794e-01  -1.0842022e-19  -1.6138062e-02
   2.1069933e-01   0.0000000e+00  -2.5312019e-02
   1.9990285e-01  -1.0842022e-19   1.4214632e-02
   2.6521754e-01   5.4210109e-20   2.6453308e-02
   2.8044098e-01   0.0000000e+00  -2.1543972e-02
   2.0510035e-01   5.4210109e-20  -1.9500637e-02
   2.0603253e-01  -1.0842022e-19   2.0452064e-02
   2.8288147e-01   0.0000000e+00   2.0659749e-02
   2.6299607e-01   0.0000000e+00  -2.7020802e-02
   1.9933075e-01  -1.0842022e-19  -1.3428131e-02
   2.1149336e-01   1.0842022e-19   2.5898378e-02
   2.9531261e-01   0.0000000e+00   1.5327378e-02
   2.5057487e-01   2.1684043e-19  -2.9233381e-02
   1.9743916e-01   1.3552527e-20  -8.3961869e-03
   2.1820241e-01   0.0000000e+00   2.8547775e-02
   3.0276580e-01   1.0842022e-19   8.0272034e-03
   2.3665464e-01   0.0000000e+00  -2.9596712e-02
   1.9786689e-01  -5.4210109e-20  -1.2075231e-03
   2.3191803e-01   0.0000000e+00   2.9551873e-02
   3.0437491e-01  -1.0842022e-19  -4.7873414e-03
   2.2122122e-01   0.0000000e+00  -2.9032499e-02
   1.9738070e-01  -1.0842022e-19   6.6508079e-03
   2.4697834e-01   0.0000000e+00   2.9507110e-02
   2.9786067e-01   0.0000000e+00  -1.3642128e-02
   2.1311251e-01  -1.0842022e-19  -2.6969862e-02
   1.9830274e-01   0.0000000e+00   1.1885208e-02
   2.5866250e-01   0.0000000e+00   2.8056472e-02
   2.8781220e-01   0.0000000e+00  -1.8864611e-02
   2.0791198e-01   0.0000000e+00  -2.2570365e-02
   2.0282860e-01   5.4210109e-20   1.7357060e-02
   2.7441051e-01   0.0000000e+00   2.3674389e-02
   2.7095298e-01   2.7105054e-20  -2.4805801e-02
   2.0161956e-01   0.0000000e+00  -1.6189506e-02
   2.0888644e-01   0.0000000e+00   2.3664187e-02
   2.9020793e-01   0.0000000e+00   1.7928890e-02
   2.5647960e-01  -5.4210109e-20  -2.8504939e-02
   1.9788223e-01   0.0000000e+00  -1.1060847e-02
   2.1409045e-01  -5.4210109e-20   2.7466349e-02
   2.9914850e-01   0.0000000e+00   1.2593895e-02
   2.4484869e-01   0.0000000e+00  -2.9605456e-02
   1.9741717e-01  -1.0842022e-19  -5.5727978e-03
   2.2320521e-01   0.0000000e+00   2.9246952e-02
   3.0499297e-01   0.0000000e+00   2.7686235e-03
   2.2932550e-01   0.0000000e+00  -2.9519803e-02
   1.9775476e-01   0.0000000e+00   2.4895500e-03
   2.3907138e-01   5.4210109e-20   2.9626283e-02
   3.0182169e-01   0.0000000e+00  -9.4888135e-03
   2.1688512e-01   0.0000000e+00  -2.8286388e-02
   1.9748723e-01  -2.7105054e-20   9.1857961e-03
   2.5222258e-01  -1.0842022e-19   2.9083797e-02
   2.9405432e-01   0.0000000e+00  -1.6067387e-02
   2.1076913e-01   0.0000000e+00  -2.5366110e-02
   1.9984930e-01  -1.0842022e-19   1.4144018e-02
   2.6501697e-01  -1.0842022e-19   2.6505954e-02
   2.8065871e-01   0.0000000e+00  -2.1465223e-02
   2.0518364e-01   0.0000000e+00  -1.9583250e-02
   2.0595421e-01   1.0842022e-19   2.0369566e-02
   2.8267563e-01   5.4210109e-20   2.0734358e-02
   2.6318095e-01   0.0000000e+00  -2.6974719e-02
   1.9937677e-01   0.0000000e+00  -1.3493935e-02
   2.1142568e-01   1.0842022e-19   2.5850580e-02
   2.9519821e-01   0.0000000e+00   1.5396969e-02
   2.5072786e-01   0.0000000e+00  -2.9220481e-02
   1.9744239e-01   0.0000000e+00  -8.4703835e-03
   2.1807639e-01   0.0000000e+00   2.8524662e-02
   3.0268281e-01   0.0000000e+00   8.1658909e-03
   2.3687630e-01   0.0000000e+00  -2.9599633e-02
   1.9785893e-01   0.0000000e+00  -1.3239556e-03
   2.3168371e-01   0.0000000e+00   2.9549951e-02
   3.0444164e-01   5.4210109e-20  -4.6121635e-03
   2.2139018e-01   6.7762636e-21  -2.9054432e-02
   1.9738037e-01   0.0000000e+00   6.5565125e-03
   2.4678743e-01   0.0000000e+00   2.9518726e-02
   2.9798557e-01   0.0000000e+00  -1.3549757e-02
   2.1319982e-01   0.0000000e+00  -2.7020531e-02
   1.9825631e-01  -1.0842022e-19   1.1806625e-02
   2.5844679e-01   0.0000000e+00   2.8104261e-02
   2.8805640e-01   0.0000000e+00  -1.8772986e-02
   2.0800751e-01   0.0000000e+00  -2.2681078e-02
   2.0270585e-01   5.4210109e-20   1.7241938e-02
   2.7407184e-01   0.0000000e+00   2.3788956e-02
   2.7128582e-01  -6.7762636e-21  -2.4700996e-02
   2.0173104e-01  -1.0842022e-19  -1.6301598e-02
   2.0879197e-01   0.0000000e+00   2.3562328e-02
   2.8998547e-01  -1.0842022e-19   1.8020477e-02
   2.5669181e-01  -1.0842022e-19  -2.8465457e-02
   1.9791728e-01   0.0000000e+00  -1.1144501e-02
   2.1398418e-01  -2.7105054e-20   2.7419922e-02
   2.9902004e-01   0.0000000e+00   1.2709608e-02
   2.4508022e-01  -1.0842022e-19  -2.9598175e-02
   1.9740890e-01   0.0000000e+00  -5.6926099e-03
   2.2297903e-01   0.0000000e+00   2.9227070e-02
   3.0494026e-01   0.0000000e+00   2.9942734e-03
   2.2960409e-01   0.0000000e+00  -2.9524722e-02
   1.9776875e-01   2.7105054e-20   2.3520824e-03
   2.3881401e-01   0.0000000e+00   2.9623597e-02
   3.0192623e-01   1.0842022e-19  -9.3383895e-03
   2.1702018e-01  -2.7105054e-20  -2.8315446e-02
   1.9748022e-01   0.0000000e+00   9.1033367e-03
   2.5204827e-01   0.0000000e+00   2.9101013e-02
   2.9419157e-01   0.0000000e+00  -1.5989813e-02
   2.1084563e-01   0.0000000e+00  -2.5424874e-02
   1.9979135e-01  -1.0842022e-19   1.4066918e-02
   2.6479846e-01   0.0000000e+00   2.6563078e-02
   2.8089710e-01   0.0000000e+00  -2.1379036e-02
   2.0527487e-01   0.0000000e+00  -1.9674166e-02
   2.0586758e-01   0.0000000e+00   2.0278756e-02
   2.8244790e-01   5.4210109e-20   2.0817018e-02
   2.6338677e-01   0.0000000e+00  -2.6923361e-02
   1.9942818e-01   0.0000000e+00  -1.3567019e-02
   2.1135071e-01   0.0000000e+00   2.5797291e-02
   2.9507122e-01   0.0000000e+00   1.5474048e-02
   2.5089832e-01   0.0000000e+00  -2.9205995e-02
   1.9744599e-01   0.0000000e+00  -8.5527324e-03
   2.1793727e-01   5.4210109e-20   2.8498705e-02
   3.0258925e-01   1.0842022e-19   8.3197431e-03
   2.3712357e-01   0.0000000e+00  -2.9602945e-02
   1.9784968e-01   0.0000000e+00  -1.4544450e-03
   2.3142007e-01   0.0000000e+00   2.9547695e-02
   3.0451451e-01  -5.4210109e-20  -4.4137908e-03
   2.2158158e-01   1.0842022e-19  -2.9078611e-02
   1.9738050e-01   0.0000000e+00   6.4498935e-03
   2.4657299e-01   0.0000000e+00   2.9531195e-02
   2.9812420e-01   0.0000000e+00  -1.3445402e-02
   2.1329834e-01   5.4210109e-20  -2.7076275e-02
   1.9820587e-01   0.0000000e+00   1.1719096e-02
   2.5820820e-01   2.1684043e-19   2.8156473e-02
   2.8832573e-01   0.0000000e+00  -1.8671286e-02
   2.0811406e-01   0.0000000e+00  -2.2803447e-02
   2.0257016e-01   0.0000000e+00   1.7113964e-02
   2.7369484e-01   0.0000000e+00   2.3915734e-02
   2.7165762e-01   0.0000000e+00  -2.4582665e-02
   2.0185739e-01   0.0000000e+00  -1.6426923e-02
   2.0868595e-01   0.0000000e+00   2.3447620e-02
   2.8973491e-01   0.0000000e+00   1.8122179e-02
   2.5692791e-01   0.0000000e+00  -2.8420381e-02
   1.9795795e-01   0.0000000e+00  -1.1236462e-02
   2.1386935e-01   0.0000000e+00   2.7367776e-02
   2.9887808e-01   0.0000000e+00   1.2834163e-02
   2.4532992e-01   0.0000000e+00  -2.9589441e-02
   1.9740078e-01   0.0000000e+00  -5.8214516e-03
   2.2273642e-01   0.0000000e+00   2.9204704e-02
   3.0487975e-01   0.0000000e+00   3.2367981e-03
   2.2990584e-01   0.0000000e+00  -2.9529647e-02
   1.9778340e-01   0.0000000e+00   2.2028229e-03
   2.3853429e-01  -6.7762636e-21   2.9620527e-02
   3.0203882e-01   0.0000000e+00  -9.1734522e-03
   2.1716864e-01   0.0000000e+00  -2.8346668e-02
   1.9747315e-01   0.0000000e+00   9.0132937e-03
   2.5185867e-01   0.0000000e+00   2.9119352e-02
   2.9434004e-01   0.0000000e+00  -1.5905200e-02
   2.1092892e-01   0.0000000e+00  -2.5488143e-02
   1.9972914e-01   0.0000000e+00   1.3983378e-02
   2.6456149e-01   1.3552527e-20   2.6624542e-02
   2.8115581e-01   0.0000000e+00  -2.1285474e-02
   2.0537406e-01   1.0842022e-19  -1.9773399e-02
   2.0577206e-01  -1.3552527e-20   2.0179619e-02
   2.8219764e-01   0.0000000e+00   2.0907868e-02
   2.6361319e-01   0.0000000e+00  -2.6866495e-02
   1.9948515e-01   1.0842022e-19  -1.3647514e-02
   2.1126838e-01  -5.4210109e-20   2.5738296e-02
   2.9493126e-01   0.0000000e+00   1.5558555e-02
   2.5108575e-01   0.0000000e+00  -2.9189828e-02
   1.9745024e-01   0.0000000e+00  -8.6431131e-03
   2.1778542e-01   0.0000000e+00   2.8469808e-02
   3.0248470e-01   0.0000000e+00   8.4883468e-03
   2.3739685e-01   0.0000000e+00  -2.9606582e-02
   1.9783769e-01   5.4210109e-20  -1.5990195e-03
   2.3112775e-01   0.0000000e+00   2.9544955e-02
   3.0459282e-01   0.0000000e+00  -4.1915727e-03
   2.2179709e-01  -5.4210109e-20  -2.9104705e-02
   1.9738190e-01  -5.4210109e-20   6.3306990e-03
   2.4633402e-01   0.0000000e+00   2.9544292e-02
